-2.5e-06,0.0223437496
-2.498e-06,0.0226562496
-2.496e-06,0.0232812496
-2.494e-06,0.0224999996
-2.492e-06,0.0215624996
-2.49e-06,0.0231249996
-2.488e-06,0.0224999996
-2.486e-06,0.0217187496
-2.484e-06,0.0217187496
-2.482e-06,0.0226562496
-2.48e-06,0.0203124996
-2.478e-06,0.0234374996
-2.476e-06,0.0229687496
-2.474e-06,0.0218749996
-2.472e-06,0.0224999996
-2.47e-06,0.0218749996
-2.468e-06,0.0212499996
-2.466e-06,0.0223437496
-2.464e-06,0.0229687496
-2.462e-06,0.0228124996
-2.46e-06,0.0210937496
-2.458e-06,0.0226562496
-2.456e-06,0.0220312496
-2.454e-06,0.0234374996
-2.452e-06,0.0210937496
-2.45e-06,0.0226562496
-2.448e-06,0.0221874996
-2.446e-06,0.0204687496
-2.444e-06,0.0221874996
-2.442e-06,0.0209374996
-2.44e-06,0.0224999996
-2.438e-06,0.0221874996
-2.436e-06,0.0248437496
-2.434e-06,0.0217187496
-2.432e-06,0.0212499996
-2.43e-06,0.0229687496
-2.428e-06,0.0218749996
-2.426e-06,0.0240624996
-2.424e-06,0.0223437496
-2.422e-06,0.0215624996
-2.42e-06,0.0232812496
-2.418e-06,0.0212499996
-2.416e-06,0.0226562496
-2.414e-06,0.0215624996
-2.412e-06,0.0215624996
-2.41e-06,0.0220312496
-2.408e-06,0.0215624996
-2.406e-06,0.0209374996
-2.404e-06,0.0235937496
-2.402e-06,0.0239062496
-2.4e-06,0.0226562496
-2.398e-06,0.0220312496
-2.396e-06,0.0231249996
-2.394e-06,0.0226562496
-2.392e-06,0.0224999996
-2.39e-06,0.0218749996
-2.388e-06,0.0217187496
-2.386e-06,0.0206249996
-2.384e-06,0.0220312496
-2.382e-06,0.0209374996
-2.38e-06,0.0206249996
-2.378e-06,0.0224999996
-2.376e-06,0.0220312496
-2.374e-06,0.0215624996
-2.372e-06,0.0246874996
-2.37e-06,0.0224999996
-2.368e-06,0.0224999996
-2.366e-06,0.0237499996
-2.364e-06,0.0220312496
-2.362e-06,0.0237499996
-2.36e-06,0.0215624996
-2.358e-06,0.0229687496
-2.356e-06,0.0212499996
-2.354e-06,0.0215624996
-2.352e-06,0.0217187496
-2.35e-06,0.0210937496
-2.348e-06,0.0240624996
-2.346e-06,0.0212499996
-2.344e-06,0.0217187496
-2.342e-06,0.0226562496
-2.34e-06,0.0221874996
-2.338e-06,0.0228124996
-2.336e-06,0.0210937496
-2.334e-06,0.0224999996
-2.332e-06,0.0217187496
-2.33e-06,0.0215624996
-2.328e-06,0.0226562496
-2.326e-06,0.0209374996
-2.324e-06,0.0215624996
-2.322e-06,0.0204687496
-2.32e-06,0.0209374996
-2.318e-06,0.0207812496
-2.316e-06,0.0234374996
-2.314e-06,0.0224999996
-2.312e-06,0.0231249996
-2.31e-06,0.0207812496
-2.308e-06,0.0223437496
-2.306e-06,0.0218749996
-2.304e-06,0.0228124996
-2.302e-06,0.0218749996
-2.3e-06,0.0224999996
-2.298e-06,0.0207812496
-2.296e-06,0.0228124996
-2.294e-06,0.0195312496
-2.292e-06,0.0217187496
-2.29e-06,0.0232812496
-2.288e-06,0.0221874996
-2.286e-06,0.0228124996
-2.284e-06,0.0221874996
-2.282e-06,0.0229687496
-2.28e-06,0.0228124996
-2.278e-06,0.0217187496
-2.276e-06,0.0224999996
-2.274e-06,0.0232812496
-2.272e-06,0.0217187496
-2.27e-06,0.0237499996
-2.268e-06,0.0229687496
-2.266e-06,0.0199999996
-2.264e-06,0.0221874996
-2.262e-06,0.0215624996
-2.26e-06,0.0223437496
-2.258e-06,0.0226562496
-2.256e-06,0.0221874996
-2.254e-06,0.0223437496
-2.252e-06,0.0232812496
-2.25e-06,0.0221874996
-2.248e-06,0.0239062496
-2.246e-06,0.0217187496
-2.244e-06,0.0218749996
-2.242e-06,0.0221874996
-2.24e-06,0.0231249996
-2.238e-06,0.0206249996
-2.236e-06,0.0214062496
-2.234e-06,0.0220312496
-2.232e-06,0.0223437496
-2.23e-06,0.0220312496
-2.228e-06,0.0218749996
-2.226e-06,0.0206249996
-2.224e-06,0.0239062496
-2.222e-06,0.0218749996
-2.22e-06,0.0218749996
-2.218e-06,0.0215624996
-2.216e-06,0.0228124996
-2.214e-06,0.0224999996
-2.212e-06,0.0235937496
-2.21e-06,0.0207812496
-2.208e-06,0.0232812496
-2.206e-06,0.0220312496
-2.204e-06,0.0235937496
-2.202e-06,0.0218749996
-2.2e-06,0.0209374996
-2.198e-06,0.0229687496
-2.196e-06,0.0215624996
-2.194e-06,0.0232812496
-2.192e-06,0.0226562496
-2.19e-06,0.0224999996
-2.188e-06,0.0226562496
-2.186e-06,0.0215624996
-2.184e-06,0.0228124996
-2.182e-06,0.0217187496
-2.18e-06,0.0223437496
-2.178e-06,0.0221874996
-2.176e-06,0.0217187496
-2.174e-06,0.0218749996
-2.172e-06,0.0229687496
-2.17e-06,0.0221874996
-2.168e-06,0.0214062496
-2.166e-06,0.0228124996
-2.164e-06,0.0228124996
-2.162e-06,0.0220312496
-2.16e-06,0.0223437496
-2.158e-06,0.0217187496
-2.156e-06,0.0209374996
-2.154e-06,0.0214062496
-2.152e-06,0.0229687496
-2.15e-06,0.0248437496
-2.148e-06,0.0228124996
-2.146e-06,0.0229687496
-2.144e-06,0.0228124996
-2.142e-06,0.0218749996
-2.14e-06,0.0226562496
-2.138e-06,0.0221874996
-2.136e-06,0.0217187496
-2.134e-06,0.0223437496
-2.132e-06,0.0232812496
-2.13e-06,0.0210937496
-2.128e-06,0.0215624996
-2.126e-06,0.0239062496
-2.124e-06,0.0207812496
-2.122e-06,0.0221874996
-2.12e-06,0.0204687496
-2.118e-06,0.0212499996
-2.116e-06,0.0237499996
-2.114e-06,0.0212499996
-2.112e-06,0.0229687496
-2.11e-06,0.0237499996
-2.108e-06,0.0201562496
-2.106e-06,0.0198437496
-2.104e-06,0.0217187496
-2.102e-06,0.0210937496
-2.1e-06,0.0223437496
-2.098e-06,0.0228124996
-2.096e-06,0.0224999996
-2.094e-06,0.0220312496
-2.092e-06,0.0218749996
-2.09e-06,0.0210937496
-2.088e-06,0.0217187496
-2.086e-06,0.0217187496
-2.084e-06,0.0210937496
-2.082e-06,0.0218749996
-2.08e-06,0.0231249996
-2.078e-06,0.0220312496
-2.076e-06,0.0228124996
-2.074e-06,0.0221874996
-2.072e-06,0.0229687496
-2.07e-06,0.0223437496
-2.068e-06,0.0209374996
-2.066e-06,0.0235937496
-2.064e-06,0.0223437496
-2.062e-06,0.0218749996
-2.06e-06,0.0221874996
-2.058e-06,0.0246874996
-2.056e-06,0.0232812496
-2.054e-06,0.0199999996
-2.052e-06,0.0226562496
-2.05e-06,0.0217187496
-2.048e-06,0.0228124996
-2.046e-06,0.0224999996
-2.044e-06,0.0231249996
-2.042e-06,0.0220312496
-2.04e-06,0.0226562496
-2.038e-06,0.0242187496
-2.036e-06,0.0224999996
-2.034e-06,0.0224999996
-2.032e-06,0.0220312496
-2.03e-06,0.0223437496
-2.028e-06,0.0226562496
-2.026e-06,0.0232812496
-2.024e-06,0.0221874996
-2.022e-06,0.0214062496
-2.02e-06,0.0217187496
-2.018e-06,0.0215624996
-2.016e-06,0.0223437496
-2.014e-06,0.0223437496
-2.012e-06,0.0234374996
-2.01e-06,0.0228124996
-2.008e-06,0.0220312496
-2.006e-06,0.0220312496
-2.004e-06,0.0234374996
-2.002e-06,0.0212499996
-2e-06,0.0221874996
-1.998e-06,0.0226562496
-1.996e-06,0.0218749996
-1.994e-06,0.0224999996
-1.992e-06,0.0226562496
-1.99e-06,0.0217187496
-1.988e-06,0.0210937496
-1.986e-06,0.0220312496
-1.984e-06,0.0224999996
-1.982e-06,0.0217187496
-1.98e-06,0.0224999996
-1.978e-06,0.0229687496
-1.976e-06,0.0207812496
-1.974e-06,0.0224999996
-1.972e-06,0.0223437496
-1.97e-06,0.0220312496
-1.968e-06,0.0226562496
-1.966e-06,0.0220312496
-1.964e-06,0.0221874996
-1.962e-06,0.0217187496
-1.96e-06,0.0217187496
-1.958e-06,0.0229687496
-1.956e-06,0.0231249996
-1.954e-06,0.0203124996
-1.952e-06,0.0223437496
-1.95e-06,0.0237499996
-1.948e-06,0.0217187496
-1.946e-06,0.0221874996
-1.944e-06,0.0223437496
-1.942e-06,0.0218749996
-1.94e-06,0.0204687496
-1.938e-06,0.0223437496
-1.936e-06,0.0226562496
-1.934e-06,0.0221874996
-1.932e-06,0.0220312496
-1.93e-06,0.0214062496
-1.928e-06,0.0226562496
-1.926e-06,0.0220312496
-1.924e-06,0.0226562496
-1.922e-06,0.0224999996
-1.92e-06,0.0218749996
-1.918e-06,0.0224999996
-1.916e-06,0.0217187496
-1.914e-06,0.0228124996
-1.912e-06,0.0224999996
-1.91e-06,0.0212499996
-1.908e-06,0.0221874996
-1.906e-06,0.0195312496
-1.904e-06,0.0239062496
-1.902e-06,0.0221874996
-1.9e-06,0.0221874996
-1.898e-06,0.0218749996
-1.896e-06,0.0220312496
-1.894e-06,0.0226562496
-1.892e-06,0.0221874996
-1.89e-06,0.0221874996
-1.888e-06,0.0212499996
-1.886e-06,0.0215624996
-1.884e-06,0.0217187496
-1.882e-06,0.0229687496
-1.88e-06,0.0226562496
-1.878e-06,0.0228124996
-1.876e-06,0.0221874996
-1.874e-06,0.0203124996
-1.872e-06,0.0223437496
-1.87e-06,0.0221874996
-1.868e-06,0.0231249996
-1.866e-06,0.0226562496
-1.864e-06,0.0217187496
-1.862e-06,0.0221874996
-1.86e-06,0.0220312496
-1.858e-06,0.0221874996
-1.856e-06,0.0228124996
-1.854e-06,0.0231249996
-1.852e-06,0.0214062496
-1.85e-06,0.0226562496
-1.848e-06,0.0217187496
-1.846e-06,0.0231249996
-1.844e-06,0.0217187496
-1.842e-06,0.0224999996
-1.84e-06,0.0215624996
-1.838e-06,0.0220312496
-1.836e-06,0.0212499996
-1.834e-06,0.0215624996
-1.832e-06,0.0220312496
-1.83e-06,0.0217187496
-1.828e-06,0.0231249996
-1.826e-06,0.0226562496
-1.824e-06,0.0226562496
-1.822e-06,0.0223437496
-1.82e-06,0.0223437496
-1.818e-06,0.0224999996
-1.816e-06,0.0214062496
-1.814e-06,0.0231249996
-1.812e-06,0.0223437496
-1.81e-06,0.0201562496
-1.808e-06,0.0226562496
-1.806e-06,0.0212499996
-1.804e-06,0.0215624996
-1.802e-06,0.0226562496
-1.8e-06,0.0217187496
-1.798e-06,0.0207812496
-1.796e-06,0.0240624996
-1.794e-06,0.0229687496
-1.792e-06,0.0195312496
-1.79e-06,0.0220312496
-1.788e-06,0.0210937496
-1.786e-06,0.0235937496
-1.784e-06,0.0218749996
-1.782e-06,0.0218749996
-1.78e-06,0.0224999996
-1.778e-06,0.0221874996
-1.776e-06,0.0204687496
-1.774e-06,0.0215624996
-1.772e-06,0.0223437496
-1.77e-06,0.0221874996
-1.768e-06,0.0226562496
-1.766e-06,0.0217187496
-1.764e-06,0.0232812496
-1.762e-06,0.0204687496
-1.76e-06,0.0218749996
-1.758e-06,0.0210937496
-1.756e-06,0.0228124996
-1.754e-06,0.0226562496
-1.752e-06,0.0226562496
-1.75e-06,0.0226562496
-1.748e-06,0.0229687496
-1.746e-06,0.0226562496
-1.744e-06,0.0221874996
-1.742e-06,0.0223437496
-1.74e-06,0.0231249996
-1.738e-06,0.0218749996
-1.736e-06,0.0221874996
-1.734e-06,0.0206249996
-1.732e-06,0.0218749996
-1.73e-06,0.0245312496
-1.728e-06,0.0218749996
-1.726e-06,0.0221874996
-1.724e-06,0.0229687496
-1.722e-06,0.0232812496
-1.72e-06,0.0201562496
-1.718e-06,0.0212499996
-1.716e-06,0.0229687496
-1.714e-06,0.0221874996
-1.712e-06,0.0248437496
-1.71e-06,0.0221874996
-1.708e-06,0.0224999996
-1.706e-06,0.0228124996
-1.704e-06,0.0215624996
-1.702e-06,0.0201562496
-1.7e-06,0.0223437496
-1.698e-06,0.0223437496
-1.696e-06,0.0229687496
-1.694e-06,0.0232812496
-1.692e-06,0.0220312496
-1.69e-06,0.0207812496
-1.688e-06,0.0215624996
-1.686e-06,0.0224999996
-1.684e-06,0.0210937496
-1.682e-06,0.0226562496
-1.68e-06,0.0212499996
-1.678e-06,0.0232812496
-1.676e-06,0.0224999996
-1.674e-06,0.0223437496
-1.672e-06,0.0221874996
-1.67e-06,0.0217187496
-1.668e-06,0.0218749996
-1.666e-06,0.0226562496
-1.664e-06,0.0226562496
-1.662e-06,0.0223437496
-1.66e-06,0.0221874996
-1.658e-06,0.0214062496
-1.656e-06,0.0231249996
-1.654e-06,0.0232812496
-1.652e-06,0.0221874996
-1.65e-06,0.0210937496
-1.648e-06,0.0214062496
-1.646e-06,0.0231249996
-1.644e-06,0.0226562496
-1.642e-06,0.0221874996
-1.64e-06,0.0226562496
-1.638e-06,0.0214062496
-1.636e-06,0.0224999996
-1.634e-06,0.0218749996
-1.632e-06,0.0218749996
-1.63e-06,0.0218749996
-1.628e-06,0.0220312496
-1.626e-06,0.0207812496
-1.624e-06,0.0223437496
-1.622e-06,0.0224999996
-1.62e-06,0.0220312496
-1.618e-06,0.0220312496
-1.616e-06,0.0229687496
-1.614e-06,0.0221874996
-1.612e-06,0.0214062496
-1.61e-06,0.0229687496
-1.608e-06,0.0221874996
-1.606e-06,0.0212499996
-1.604e-06,0.0231249996
-1.602e-06,0.0217187496
-1.6e-06,0.0215624996
-1.598e-06,0.0221874996
-1.596e-06,0.0206249996
-1.594e-06,0.0218749996
-1.592e-06,0.0207812496
-1.59e-06,0.0223437496
-1.588e-06,0.0212499996
-1.586e-06,0.0228124996
-1.584e-06,0.0215624996
-1.582e-06,0.0239062496
-1.58e-06,0.0223437496
-1.578e-06,0.0224999996
-1.576e-06,0.0215624996
-1.574e-06,0.0224999996
-1.572e-06,0.0210937496
-1.57e-06,0.0217187496
-1.568e-06,0.0223437496
-1.566e-06,0.0220312496
-1.564e-06,0.0209374996
-1.562e-06,0.0228124996
-1.56e-06,0.0235937496
-1.558e-06,0.0215624996
-1.556e-06,0.0231249996
-1.554e-06,0.0221874996
-1.552e-06,0.0221874996
-1.55e-06,0.0226562496
-1.548e-06,0.0229687496
-1.546e-06,0.0210937496
-1.544e-06,0.0228124996
-1.542e-06,0.0221874996
-1.54e-06,0.0218749996
-1.538e-06,0.0214062496
-1.536e-06,0.0224999996
-1.534e-06,0.0235937496
-1.532e-06,0.0224999996
-1.53e-06,0.0218749996
-1.528e-06,0.0245312496
-1.526e-06,0.0206249996
-1.524e-06,0.0209374996
-1.522e-06,0.0221874996
-1.52e-06,0.0217187496
-1.518e-06,0.0220312496
-1.516e-06,0.0218749996
-1.514e-06,0.0220312496
-1.512e-06,0.0217187496
-1.51e-06,0.0240624996
-1.508e-06,0.0214062496
-1.506e-06,0.0221874996
-1.504e-06,0.0226562496
-1.502e-06,0.0223437496
-1.5e-06,0.0229687496
-1.498e-06,0.0220312496
-1.496e-06,0.0228124996
-1.494e-06,0.0207812496
-1.492e-06,0.0210937496
-1.49e-06,0.0214062496
-1.488e-06,0.0212499996
-1.486e-06,0.0215624996
-1.484e-06,0.0228124996
-1.482e-06,0.0235937496
-1.48e-06,0.0220312496
-1.478e-06,0.0207812496
-1.476e-06,0.0226562496
-1.474e-06,0.0226562496
-1.472e-06,0.0224999996
-1.47e-06,0.0224999996
-1.468e-06,0.0221874996
-1.466e-06,0.0212499996
-1.464e-06,0.0218749996
-1.462e-06,0.0223437496
-1.46e-06,0.0218749996
-1.458e-06,0.0204687496
-1.456e-06,0.0226562496
-1.454e-06,0.0228124996
-1.452e-06,0.0218749996
-1.45e-06,0.0229687496
-1.448e-06,0.0226562496
-1.446e-06,0.0224999996
-1.444e-06,0.0220312496
-1.442e-06,0.0218749996
-1.44e-06,0.0235937496
-1.438e-06,0.0234374996
-1.436e-06,0.0221874996
-1.434e-06,0.0226562496
-1.432e-06,0.0218749996
-1.43e-06,0.0232812496
-1.428e-06,0.0234374996
-1.426e-06,0.0234374996
-1.424e-06,0.0214062496
-1.422e-06,0.0223437496
-1.42e-06,0.0232812496
-1.418e-06,0.0228124996
-1.416e-06,0.0217187496
-1.414e-06,0.0226562496
-1.412e-06,0.0226562496
-1.41e-06,0.0215624996
-1.408e-06,0.0220312496
-1.406e-06,0.0221874996
-1.404e-06,0.0206249996
-1.402e-06,0.0221874996
-1.4e-06,0.0218749996
-1.398e-06,0.0231249996
-1.396e-06,0.0235937496
-1.394e-06,0.0239062496
-1.392e-06,0.0223437496
-1.39e-06,0.0240624996
-1.388e-06,0.0240624996
-1.386e-06,0.0235937496
-1.384e-06,0.0226562496
-1.382e-06,0.0223437496
-1.38e-06,0.0199999996
-1.378e-06,0.0232812496
-1.376e-06,0.0232812496
-1.374e-06,0.0228124996
-1.372e-06,0.0217187496
-1.37e-06,0.0215624996
-1.368e-06,0.0212499996
-1.366e-06,0.0228124996
-1.364e-06,0.0206249996
-1.362e-06,0.0218749996
-1.36e-06,0.0226562496
-1.358e-06,0.0218749996
-1.356e-06,0.0224999996
-1.354e-06,0.0215624996
-1.352e-06,0.0228124996
-1.35e-06,0.0224999996
-1.348e-06,0.0207812496
-1.346e-06,0.0212499996
-1.344e-06,0.0215624996
-1.342e-06,0.0218749996
-1.34e-06,0.0234374996
-1.338e-06,0.0239062496
-1.336e-06,0.0223437496
-1.334e-06,0.0221874996
-1.332e-06,0.0223437496
-1.33e-06,0.0220312496
-1.328e-06,0.0224999996
-1.326e-06,0.0231249996
-1.324e-06,0.0218749996
-1.322e-06,0.0224999996
-1.32e-06,0.0217187496
-1.318e-06,0.0221874996
-1.316e-06,0.0243749996
-1.314e-06,0.0217187496
-1.312e-06,0.0228124996
-1.31e-06,0.0214062496
-1.308e-06,0.0224999996
-1.306e-06,0.0220312496
-1.304e-06,0.0223437496
-1.302e-06,0.0228124996
-1.3e-06,0.0228124996
-1.298e-06,0.0210937496
-1.296e-06,0.0218749996
-1.294e-06,0.0229687496
-1.292e-06,0.0217187496
-1.29e-06,0.0223437496
-1.288e-06,0.0223437496
-1.286e-06,0.0218749996
-1.284e-06,0.0224999996
-1.282e-06,0.0224999996
-1.28e-06,0.0220312496
-1.278e-06,0.0223437496
-1.276e-06,0.0199999996
-1.274e-06,0.0235937496
-1.272e-06,0.0215624996
-1.27e-06,0.0220312496
-1.268e-06,0.0223437496
-1.266e-06,0.0223437496
-1.264e-06,0.0221874996
-1.262e-06,0.0239062496
-1.26e-06,0.0228124996
-1.258e-06,0.0220312496
-1.256e-06,0.0210937496
-1.254e-06,0.0215624996
-1.252e-06,0.0232812496
-1.25e-06,0.0209374996
-1.248e-06,0.0231249996
-1.246e-06,0.0210937496
-1.244e-06,0.0212499996
-1.242e-06,0.0237499996
-1.24e-06,0.0221874996
-1.238e-06,0.0229687496
-1.236e-06,0.0229687496
-1.234e-06,0.0221874996
-1.232e-06,0.0231249996
-1.23e-06,0.0224999996
-1.228e-06,0.0218749996
-1.226e-06,0.0226562496
-1.224e-06,0.0235937496
-1.222e-06,0.0226562496
-1.22e-06,0.0224999996
-1.218e-06,0.0239062496
-1.216e-06,0.0223437496
-1.214e-06,0.0223437496
-1.212e-06,0.0220312496
-1.21e-06,0.0215624996
-1.208e-06,0.0221874996
-1.206e-06,0.0221874996
-1.204e-06,0.0231249996
-1.202e-06,0.0210937496
-1.2e-06,0.0212499996
-1.198e-06,0.0218749996
-1.196e-06,0.0223437496
-1.194e-06,0.0224999996
-1.192e-06,0.0218749996
-1.19e-06,0.0212499996
-1.188e-06,0.0229687496
-1.186e-06,0.0240624996
-1.184e-06,0.0221874996
-1.182e-06,0.0224999996
-1.18e-06,0.0210937496
-1.178e-06,0.0220312496
-1.176e-06,0.0229687496
-1.174e-06,0.0231249996
-1.172e-06,0.0217187496
-1.17e-06,0.0214062496
-1.168e-06,0.0220312496
-1.166e-06,0.0231249996
-1.164e-06,0.0209374996
-1.162e-06,0.0217187496
-1.16e-06,0.0223437496
-1.158e-06,0.0221874996
-1.156e-06,0.0223437496
-1.154e-06,0.0210937496
-1.152e-06,0.0209374996
-1.15e-06,0.0209374996
-1.148e-06,0.0218749996
-1.146e-06,0.0203124996
-1.144e-06,0.0228124996
-1.142e-06,0.0228124996
-1.14e-06,0.0237499996
-1.138e-06,0.0209374996
-1.136e-06,0.0232812496
-1.134e-06,0.0226562496
-1.132e-06,0.0214062496
-1.13e-06,0.0221874996
-1.128e-06,0.0217187496
-1.126e-06,0.0224999996
-1.124e-06,0.0210937496
-1.122e-06,0.0235937496
-1.12e-06,0.0223437496
-1.118e-06,0.0223437496
-1.116e-06,0.0220312496
-1.114e-06,0.0231249996
-1.112e-06,0.0229687496
-1.11e-06,0.0228124996
-1.108e-06,0.0221874996
-1.106e-06,0.0221874996
-1.104e-06,0.0220312496
-1.102e-06,0.0215624996
-1.1e-06,0.0215624996
-1.098e-06,0.0228124996
-1.096e-06,0.0226562496
-1.094e-06,0.0242187496
-1.092e-06,0.0232812496
-1.09e-06,0.0228124996
-1.088e-06,0.0204687496
-1.086e-06,0.0224999996
-1.084e-06,0.0223437496
-1.082e-06,0.0226562496
-1.08e-06,0.0221874996
-1.078e-06,0.0218749996
-1.076e-06,0.0223437496
-1.074e-06,0.0196874996
-1.072e-06,0.0235937496
-1.07e-06,0.0226562496
-1.068e-06,0.0218749996
-1.066e-06,0.0223437496
-1.064e-06,0.0240624996
-1.062e-06,0.0223437496
-1.06e-06,0.0220312496
-1.058e-06,0.0223437496
-1.056e-06,0.0223437496
-1.054e-06,0.0235937496
-1.052e-06,0.0209374996
-1.05e-06,0.0221874996
-1.048e-06,0.0221874996
-1.046e-06,0.0246874996
-1.044e-06,0.0223437496
-1.042e-06,0.0215624996
-1.04e-06,0.0204687496
-1.038e-06,0.0212499996
-1.036e-06,0.0212499996
-1.034e-06,0.0223437496
-1.032e-06,0.0229687496
-1.03e-06,0.0221874996
-1.028e-06,0.0231249996
-1.026e-06,0.0209374996
-1.024e-06,0.0218749996
-1.022e-06,0.0237499996
-1.02e-06,0.0217187496
-1.018e-06,0.0214062496
-1.016e-06,0.0218749996
-1.014e-06,0.0220312496
-1.012e-06,0.0212499996
-1.01e-06,0.0228124996
-1.008e-06,0.0214062496
-1.006e-06,0.0226562496
-1.004e-06,0.0210937496
-1.002e-06,0.0226562496
-1e-06,0.0223437496
-9.98e-07,0.0224999996
-9.96e-07,0.0221874996
-9.94e-07,0.0221874996
-9.92e-07,0.0221874996
-9.9e-07,0.0234374996
-9.88e-07,0.0226562496
-9.86e-07,0.0209374996
-9.84e-07,0.0218749996
-9.82e-07,0.0228124996
-9.8e-07,0.0220312496
-9.78e-07,0.0206249996
-9.76e-07,0.0226562496
-9.74e-07,0.0231249996
-9.72e-07,0.0221874996
-9.7e-07,0.0226562496
-9.68e-07,0.0224999996
-9.66e-07,0.0206249996
-9.64e-07,0.0221874996
-9.62e-07,0.0217187496
-9.6e-07,0.0212499996
-9.58e-07,0.0223437496
-9.56e-07,0.0218749996
-9.54e-07,0.0215624996
-9.52e-07,0.0223437496
-9.5e-07,0.0215624996
-9.48e-07,0.0212499996
-9.46e-07,0.0220312496
-9.44e-07,0.0215624996
-9.42e-07,0.0229687496
-9.4e-07,0.0204687496
-9.38e-07,0.0223437496
-9.36e-07,0.0217187496
-9.34e-07,0.0224999996
-9.32e-07,0.0217187496
-9.3e-07,0.0228124996
-9.28e-07,0.0232812496
-9.26e-07,0.0220312496
-9.24e-07,0.0212499996
-9.22e-07,0.0203124996
-9.2e-07,0.0237499996
-9.18e-07,0.0226562496
-9.16e-07,0.0220312496
-9.14e-07,0.0228124996
-9.12e-07,0.0217187496
-9.1e-07,0.0224999996
-9.08e-07,0.0212499996
-9.06e-07,0.0229687496
-9.04e-07,0.0210937496
-9.02e-07,0.0217187496
-9e-07,0.0228124996
-8.98e-07,0.0218749996
-8.96e-07,0.0215624996
-8.94e-07,0.0226562496
-8.92e-07,0.0224999996
-8.9e-07,0.0226562496
-8.88e-07,0.0235937496
-8.86e-07,0.0224999996
-8.84e-07,0.0215624996
-8.82e-07,0.0226562496
-8.8e-07,0.0215624996
-8.78e-07,0.0217187496
-8.76e-07,0.0224999996
-8.74e-07,0.0226562496
-8.72e-07,0.0228124996
-8.7e-07,0.0218749996
-8.68e-07,0.0224999996
-8.66e-07,0.0224999996
-8.64e-07,0.0237499996
-8.62e-07,0.0229687496
-8.6e-07,0.0210937496
-8.58e-07,0.0224999996
-8.56e-07,0.0215624996
-8.54e-07,0.0220312496
-8.52e-07,0.0224999996
-8.5e-07,0.0217187496
-8.48e-07,0.0221874996
-8.46e-07,0.0224999996
-8.44e-07,0.0220312496
-8.42e-07,0.0228124996
-8.4e-07,0.0223437496
-8.38e-07,0.0228124996
-8.36e-07,0.0203124996
-8.34e-07,0.0215624996
-8.32e-07,0.0220312496
-8.3e-07,0.0203124996
-8.28e-07,0.0214062496
-8.26e-07,0.0214062496
-8.24e-07,0.0224999996
-8.22e-07,0.0224999996
-8.2e-07,0.0220312496
-8.18e-07,0.0218749996
-8.16e-07,0.0221874996
-8.14e-07,0.0215624996
-8.12e-07,0.0220312496
-8.1e-07,0.0223437496
-8.08e-07,0.0229687496
-8.06e-07,0.0223437496
-8.04e-07,0.0221874996
-8.02e-07,0.0214062496
-8e-07,0.0234374996
-7.98e-07,0.0206249996
-7.96e-07,0.0217187496
-7.94e-07,0.0220312496
-7.92e-07,0.0218749996
-7.9e-07,0.0218749996
-7.88e-07,0.0220312496
-7.86e-07,0.0218749996
-7.84e-07,0.0215624996
-7.82e-07,0.0223437496
-7.8e-07,0.0229687496
-7.78e-07,0.0212499996
-7.76e-07,0.0221874996
-7.74e-07,0.0245312496
-7.72e-07,0.0229687496
-7.7e-07,0.0207812496
-7.68e-07,0.0220312496
-7.66e-07,0.0221874996
-7.64e-07,0.0212499996
-7.62e-07,0.0215624996
-7.6e-07,0.0248437496
-7.58e-07,0.0242187496
-7.56e-07,0.0217187496
-7.54e-07,0.0226562496
-7.52e-07,0.0209374996
-7.5e-07,0.0214062496
-7.48e-07,0.0221874996
-7.46e-07,0.0217187496
-7.44e-07,0.0226562496
-7.42e-07,0.0217187496
-7.4e-07,0.0224999996
-7.38e-07,0.0214062496
-7.36e-07,0.0234374996
-7.34e-07,0.0231249996
-7.32e-07,0.0226562496
-7.3e-07,0.0207812496
-7.28e-07,0.0214062496
-7.26e-07,0.0223437496
-7.24e-07,0.0223437496
-7.22e-07,0.0224999996
-7.2e-07,0.0217187496
-7.18e-07,0.0231249996
-7.16e-07,0.0218749996
-7.14e-07,0.0242187496
-7.12e-07,0.0223437496
-7.1e-07,0.0228124996
-7.08e-07,0.0220312496
-7.06e-07,0.0212499996
-7.04e-07,0.0215624996
-7.02e-07,0.0206249996
-7e-07,0.0212499996
-6.98e-07,0.0224999996
-6.96e-07,0.0220312496
-6.94e-07,0.0204687496
-6.92e-07,0.0218749996
-6.9e-07,0.0224999996
-6.88e-07,0.0217187496
-6.86e-07,0.0218749996
-6.84e-07,0.0206249996
-6.82e-07,0.0218749996
-6.8e-07,0.0214062496
-6.78e-07,0.0217187496
-6.76e-07,0.0221874996
-6.74e-07,0.0220312496
-6.72e-07,0.0224999996
-6.7e-07,0.0235937496
-6.68e-07,0.0220312496
-6.66e-07,0.0232812496
-6.64e-07,0.0204687496
-6.62e-07,0.0214062496
-6.6e-07,0.0228124996
-6.58e-07,0.0215624996
-6.56e-07,0.0220312496
-6.54e-07,0.0240624996
-6.52e-07,0.0223437496
-6.5e-07,0.0215624996
-6.48e-07,0.0215624996
-6.46e-07,0.0209374996
-6.44e-07,0.0226562496
-6.42e-07,0.0229687496
-6.4e-07,0.0212499996
-6.38e-07,0.0212499996
-6.36e-07,0.0209374996
-6.34e-07,0.0228124996
-6.32e-07,0.0224999996
-6.3e-07,0.0214062496
-6.28e-07,0.0215624996
-6.26e-07,0.0228124996
-6.24e-07,0.0226562496
-6.22e-07,0.0224999996
-6.2e-07,0.0234374996
-6.18e-07,0.0231249996
-6.16e-07,0.0243749996
-6.14e-07,0.0220312496
-6.12e-07,0.0212499996
-6.1e-07,0.0224999996
-6.08e-07,0.0223437496
-6.06e-07,0.0237499996
-6.04e-07,0.0215624996
-6.02e-07,0.0231249996
-6e-07,0.0226562496
-5.98e-07,0.0232812496
-5.96e-07,0.0207812496
-5.94e-07,0.0228124996
-5.92e-07,0.0228124996
-5.9e-07,0.0221874996
-5.88e-07,0.0243749996
-5.86e-07,0.0214062496
-5.84e-07,0.0221874996
-5.82e-07,0.0218749996
-5.8e-07,0.0226562496
-5.78e-07,0.0226562496
-5.76e-07,0.0214062496
-5.74e-07,0.0214062496
-5.72e-07,0.0221874996
-5.7e-07,0.0226562496
-5.68e-07,0.0239062496
-5.66e-07,0.0223437496
-5.64e-07,0.0203124996
-5.62e-07,0.0223437496
-5.6e-07,0.0239062496
-5.58e-07,0.0226562496
-5.56e-07,0.0218749996
-5.54e-07,0.0217187496
-5.52e-07,0.0217187496
-5.5e-07,0.0226562496
-5.48e-07,0.0220312496
-5.46e-07,0.0228124996
-5.44e-07,0.0215624996
-5.42e-07,0.0215624996
-5.4e-07,0.0212499996
-5.38e-07,0.0218749996
-5.36e-07,0.0210937496
-5.34e-07,0.0220312496
-5.32e-07,0.0210937496
-5.3e-07,0.0215624996
-5.28e-07,0.0231249996
-5.26e-07,0.0235937496
-5.24e-07,0.0231249996
-5.22e-07,0.0214062496
-5.2e-07,0.0215624996
-5.18e-07,0.0240624996
-5.16e-07,0.0228124996
-5.14e-07,0.0231249996
-5.12e-07,0.0234374996
-5.1e-07,0.0212499996
-5.08e-07,0.0226562496
-5.06e-07,0.0223437496
-5.04e-07,0.0218749996
-5.02e-07,0.0210937496
-5e-07,0.0218749996
-4.98e-07,0.0232812496
-4.96e-07,0.0223437496
-4.94e-07,0.0221874996
-4.92e-07,0.0234374996
-4.9e-07,0.0215624996
-4.88e-07,0.0224999996
-4.86e-07,0.0207812496
-4.84e-07,0.0231249996
-4.82e-07,0.0224999996
-4.8e-07,0.0223437496
-4.78e-07,0.0221874996
-4.76e-07,0.0221874996
-4.74e-07,0.0231249996
-4.72e-07,0.0209374996
-4.7e-07,0.0209374996
-4.68e-07,0.0228124996
-4.66e-07,0.0223437496
-4.64e-07,0.0240624996
-4.62e-07,0.0234374996
-4.6e-07,0.0229687496
-4.58e-07,0.0199999996
-4.56e-07,0.0229687496
-4.54e-07,0.0229687496
-4.52e-07,0.0226562496
-4.5e-07,0.0226562496
-4.48e-07,0.0223437496
-4.46e-07,0.0221874996
-4.44e-07,0.0221874996
-4.42e-07,0.0217187496
-4.4e-07,0.0228124996
-4.38e-07,0.0207812496
-4.36e-07,0.0212499996
-4.34e-07,0.0229687496
-4.32e-07,0.0224999996
-4.3e-07,0.0223437496
-4.28e-07,0.0223437496
-4.26e-07,0.0212499996
-4.24e-07,0.0212499996
-4.22e-07,0.0210937496
-4.2e-07,0.0220312496
-4.18e-07,0.0217187496
-4.16e-07,0.0210937496
-4.14e-07,0.0226562496
-4.12e-07,0.0221874996
-4.1e-07,0.0218749996
-4.08e-07,0.0224999996
-4.06e-07,0.0224999996
-4.04e-07,0.0220312496
-4.02e-07,0.0231249996
-4e-07,0.0224999996
-3.98e-07,0.0218749996
-3.96e-07,0.0228124996
-3.94e-07,0.0231249996
-3.92e-07,0.0224999996
-3.9e-07,0.0201562496
-3.88e-07,0.0221874996
-3.86e-07,0.0221874996
-3.84e-07,0.0223437496
-3.82e-07,0.0229687496
-3.8e-07,0.0212499996
-3.78e-07,0.0232812496
-3.76e-07,0.0226562496
-3.74e-07,0.0220312496
-3.72e-07,0.0203124996
-3.7e-07,0.0218749996
-3.68e-07,0.0190624996
-3.66e-07,0.0228124996
-3.64e-07,0.0209374996
-3.62e-07,0.0206249996
-3.6e-07,0.0218749996
-3.58e-07,0.0224999996
-3.56e-07,0.0226562496
-3.54e-07,0.0240624996
-3.52e-07,0.0210937496
-3.5e-07,0.0221874996
-3.48e-07,0.0212499996
-3.46e-07,0.0224999996
-3.44e-07,0.0221874996
-3.42e-07,0.0217187496
-3.4e-07,0.0221874996
-3.38e-07,0.0207812496
-3.36e-07,0.0198437496
-3.34e-07,0.0226562496
-3.32e-07,0.0226562496
-3.3e-07,0.0217187496
-3.28e-07,0.0204687496
-3.26e-07,0.0221874996
-3.24e-07,0.0215624996
-3.22e-07,0.0215624996
-3.2e-07,0.0237499996
-3.18e-07,0.0220312496
-3.16e-07,0.0212499996
-3.14e-07,0.0220312496
-3.12e-07,0.0210937496
-3.1e-07,0.0207812496
-3.08e-07,0.0218749996
-3.06e-07,0.0228124996
-3.04e-07,0.0212499996
-3.02e-07,0.0204687496
-3e-07,0.0229687496
-2.98e-07,0.0232812496
-2.96e-07,0.0224999996
-2.94e-07,0.0217187496
-2.92e-07,0.0232812496
-2.9e-07,0.0224999996
-2.88e-07,0.0220312496
-2.86e-07,0.0207812496
-2.84e-07,0.0218749996
-2.82e-07,0.0206249996
-2.8e-07,0.0226562496
-2.78e-07,0.0223437496
-2.76e-07,0.0226562496
-2.74e-07,0.0214062496
-2.72e-07,0.0217187496
-2.7e-07,0.0218749996
-2.68e-07,0.0221874996
-2.66e-07,0.0224999996
-2.64e-07,0.0223437496
-2.62e-07,0.0228124996
-2.6e-07,0.0209374996
-2.58e-07,0.0206249996
-2.56e-07,0.0217187496
-2.54e-07,0.0220312496
-2.52e-07,0.0221874996
-2.5e-07,0.0229687496
-2.48e-07,0.0226562496
-2.46e-07,0.0214062496
-2.44e-07,0.0204687496
-2.42e-07,0.0232812496
-2.4e-07,0.0235937496
-2.38e-07,0.0199999996
-2.36e-07,0.0237499996
-2.34e-07,0.0221874996
-2.32e-07,0.0224999996
-2.3e-07,0.0204687496
-2.28e-07,0.0215624996
-2.26e-07,0.0223437496
-2.24e-07,0.0210937496
-2.22e-07,0.0223437496
-2.2e-07,0.0212499996
-2.18e-07,0.0228124996
-2.16e-07,0.0229687496
-2.14e-07,0.0221874996
-2.12e-07,0.0223437496
-2.1e-07,0.0215624996
-2.08e-07,0.0218749996
-2.06e-07,0.0220312496
-2.04e-07,0.0221874996
-2.02e-07,0.0215624996
-2e-07,0.0212499996
-1.98e-07,0.0224999996
-1.96e-07,0.0232812496
-1.94e-07,0.0212499996
-1.92e-07,0.0207812496
-1.9e-07,0.0246874996
-1.88e-07,0.0221874996
-1.86e-07,0.0231249996
-1.84e-07,0.0228124996
-1.82e-07,0.0228124996
-1.8e-07,0.0217187496
-1.78e-07,0.0209374996
-1.76e-07,0.0231249996
-1.74e-07,0.0212499996
-1.72e-07,0.0220312496
-1.7e-07,0.0201562496
-1.68e-07,0.0215624996
-1.66e-07,0.0234374996
-1.64e-07,0.0217187496
-1.62e-07,0.0224999996
-1.6e-07,0.0220312496
-1.58e-07,0.0226562496
-1.56e-07,0.0215624996
-1.54e-07,0.0217187496
-1.52e-07,0.0226562496
-1.5e-07,0.0224999996
-1.48e-07,0.0203124996
-1.46e-07,0.0223437496
-1.44e-07,0.0235937496
-1.42e-07,0.0189062496
-1.4e-07,0.0231249996
-1.38e-07,0.0226562496
-1.36e-07,0.0221874996
-1.34e-07,0.0223437496
-1.32e-07,0.0207812496
-1.3e-07,0.0228124996
-1.28e-07,0.0224999996
-1.26e-07,0.0212499996
-1.24e-07,0.0218749996
-1.22e-07,0.0226562496
-1.2e-07,0.0217187496
-1.18e-07,0.0221874996
-1.16e-07,0.0235937496
-1.14e-07,0.0207812496
-1.12e-07,0.0226562496
-1.1e-07,0.0220312496
-1.08e-07,0.0218749996
-1.06e-07,0.0226562496
-1.04e-07,0.0243749996
-1.02e-07,0.0223437496
-1e-07,0.0206249996
-9.8e-08,0.0229687496
-9.6e-08,0.0228124996
-9.4e-08,0.0214062496
-9.2e-08,0.0201562496
-9e-08,0.0214062496
-8.8e-08,0.0220312496
-8.6e-08,0.0218749996
-8.4e-08,0.0221874996
-8.2e-08,0.0226562496
-8e-08,0.0212499996
-7.8e-08,0.0210937496
-7.6e-08,0.0218749996
-7.4e-08,0.0215624996
-7.2e-08,0.0235937496
-7e-08,0.0226562496
-6.8e-08,0.0221874996
-6.6e-08,0.0223437496
-6.4e-08,0.0226562496
-6.2e-08,0.0217187496
-6e-08,0.0224999996
-5.8e-08,0.0210937496
-5.6e-08,0.0228124996
-5.4e-08,0.0220312496
-5.2e-08,0.0223437496
-5e-08,0.0223437496
-4.8e-08,0.0218749996
-4.6e-08,0.0226562496
-4.4e-08,0.0224999996
-4.2e-08,0.0214062496
-4e-08,0.0223437496
-3.8e-08,0.0240624996
-3.6e-08,0.0226562496
-3.4e-08,0.0209374996
-3.2e-08,0.0226562496
-3e-08,0.0221874996
-2.8e-08,0.0217187496
-2.6e-08,0.0214062496
-2.4e-08,0.0215624996
-2.2e-08,0.0212499996
-2e-08,0.0237499996
-1.8e-08,0.0223437496
-1.6e-08,0.0223437496
-1.4e-08,0.0220312496
-1.2e-08,0.0232812496
-1e-08,0.0206249996
-8e-09,0.0221874996
-6e-09,0.0231249996
-4e-09,0.0237499996
-2e-09,0.0362499996
0,0.2475
2e-09,0.2559375
4e-09,0.4465625
6e-09,0.4290625
8e-09,0.50234375
1e-08,0.50046875
1.2e-08,0.65359375
1.4e-08,0.74515625
1.6e-08,0.88390625
1.8e-08,0.8890625
2e-08,1.02609375
2.2e-08,1.17609375
2.4e-08,1.36703125
2.6e-08,1.44125
2.8e-08,1.3865625
3e-08,1.29203125
3.2e-08,1.18125
3.4e-08,0.92890625
3.6e-08,0.79921875
3.8e-08,0.86078125
4e-08,0.92046875
4.2e-08,0.76515625
4.4e-08,0.54203125
4.6e-08,0.28515625
4.8e-08,0.0831249996
5e-08,-0.0996875004
5.2e-08,-0.19640625
5.4e-08,-0.31625
5.6e-08,-0.365
5.8e-08,-0.33359375
6e-08,-0.46640625
6.2e-08,-0.64859375
6.4e-08,-0.69359375
6.6e-08,-0.67953125
6.8e-08,-0.79765625
7e-08,-0.7659375
7.2e-08,-0.5871875
7.4e-08,-0.3878125
7.6e-08,-0.34125
7.8e-08,-0.388125
8e-08,-0.361875
8.2e-08,-0.283125
8.4e-08,-0.19109375
8.6e-08,-0.0285937504
8.8e-08,0.1325
9e-08,0.29890625
9.2e-08,0.4034375
9.4e-08,0.40171875
9.6e-08,0.36234375
9.8e-08,0.4009375
1e-07,0.4434375
1.02e-07,0.49015625
1.04e-07,0.5228125
1.06e-07,0.57734375
1.08e-07,0.6115625
1.1e-07,0.53125
1.12e-07,0.33546875
1.14e-07,0.20546875
1.16e-07,0.1934375
1.18e-07,0.18859375
1.2e-07,0.14546875
1.22e-07,0.1159375
1.24e-07,0.0742187496
1.26e-07,-0.0398437504
1.28e-07,-0.20875
1.3e-07,-0.28828125
1.32e-07,-0.30046875
1.34e-07,-0.2928125
1.36e-07,-0.3025
1.38e-07,-0.313125
1.4e-07,-0.288125
1.42e-07,-0.27296875
1.44e-07,-0.3109375
1.46e-07,-0.38140625
1.48e-07,-0.38171875
1.5e-07,-0.3140625
1.52e-07,-0.2003125
1.54e-07,-0.10625
1.56e-07,-0.0357812504
1.58e-07,0.00484374955
1.6e-07,-0.0132812504
1.62e-07,-0.0539062504
1.64e-07,-0.0362500004
1.66e-07,0.0814062496
1.68e-07,0.21921875
1.7e-07,0.26796875
1.72e-07,0.25828125
1.74e-07,0.26109375
1.76e-07,0.26484375
1.78e-07,0.223125
1.8e-07,0.1934375
1.82e-07,0.2121875
1.84e-07,0.2503125
1.86e-07,0.26875
1.88e-07,0.25859375
1.9e-07,0.23203125
1.92e-07,0.18265625
1.94e-07,0.0968749996
1.96e-07,0.0129687496
1.98e-07,-0.00906250045
2e-07,0.0321874996
2.02e-07,0.0795312496
2.04e-07,0.0732812496
2.06e-07,-0.000937500447
2.08e-07,-0.0607812504
2.1e-07,-0.1028125
2.12e-07,-0.13703125
2.14e-07,-0.15203125
2.16e-07,-0.12125
2.18e-07,-0.0739062504
2.2e-07,-0.0559375004
2.22e-07,-0.0721875004
2.24e-07,-0.0970312504
2.26e-07,-0.108125
2.28e-07,-0.14578125
2.3e-07,-0.1634375
2.32e-07,-0.120625
2.34e-07,-0.0342187504
2.36e-07,0.0273437496
2.38e-07,0.0239062496
2.4e-07,-0.0254687504
2.42e-07,-0.0548437504
2.44e-07,-0.0593750004
2.46e-07,-0.0414062504
2.48e-07,0.00468749955
2.5e-07,0.0512499996
2.52e-07,0.0834374996
2.54e-07,0.0807812496
2.56e-07,0.0476562496
2.58e-07,0.0356249996
2.6e-07,0.0381249996
2.62e-07,0.0362499996
2.64e-07,0.0271874996
2.66e-07,0.0471874996
2.68e-07,0.0976562496
2.7e-07,0.13953125
2.72e-07,0.11578125
2.74e-07,0.0604687496
2.76e-07,0.0292187496
2.78e-07,0.0132812496
2.8e-07,0.0382812496
2.82e-07,0.0764062496
2.84e-07,0.12171875
2.86e-07,0.13171875
2.88e-07,0.0860937496
2.9e-07,0.0310937496
2.92e-07,0.0121874996
2.94e-07,0.0262499996
2.96e-07,0.0426562496
2.98e-07,0.0523437496
3e-07,0.0496874996
3.02e-07,0.0568749996
3.04e-07,0.0543749996
3.06e-07,0.0248437496
3.08e-07,-0.0115625004
3.1e-07,-0.0323437504
3.12e-07,-0.0331250004
3.14e-07,-0.0210937504
3.16e-07,0.00203124955
3.18e-07,0.0195312496
3.2e-07,0.0148437496
3.22e-07,-0.0368750004
3.24e-07,-0.0882812504
3.26e-07,-0.0956250004
3.28e-07,-0.0665625004
3.3e-07,-0.0328125004
3.32e-07,-0.0242187504
3.34e-07,-0.0279687504
3.36e-07,-0.0292187504
3.38e-07,-0.0396875004
3.4e-07,-0.0557812504
3.42e-07,-0.0598437504
3.44e-07,-0.0509375004
3.46e-07,-0.0315625004
3.48e-07,-0.00593750045
3.5e-07,0.0154687496
3.52e-07,0.0359374996
3.54e-07,0.0337499996
3.56e-07,0.00343749955
3.58e-07,-0.0181250004
3.6e-07,-0.00406250045
3.62e-07,0.0431249996
3.64e-07,0.0842187496
3.66e-07,0.0929687496
3.68e-07,0.0793749996
3.7e-07,0.0648437496
3.72e-07,0.0540624996
3.74e-07,0.0518749996
3.76e-07,0.0673437496
3.78e-07,0.0828124996
3.8e-07,0.0943749996
3.82e-07,0.0909374996
3.84e-07,0.0865624996
3.86e-07,0.0896874996
3.88e-07,0.0771874996
3.9e-07,0.0504687496
3.92e-07,0.0276562496
3.94e-07,0.0281249996
3.96e-07,0.0520312496
3.98e-07,0.0770312496
4e-07,0.0667187496
4.02e-07,0.0392187496
4.04e-07,0.00234374955
4.06e-07,-0.0250000004
4.08e-07,-0.0271875004
4.1e-07,-0.00812500045
4.12e-07,0.00953124955
4.14e-07,0.00781249955
4.16e-07,-0.0151562504
4.18e-07,-0.0396875004
4.2e-07,-0.0456250004
4.22e-07,-0.0475000004
4.24e-07,-0.0551562504
4.26e-07,-0.0565625004
4.28e-07,-0.0543750004
4.3e-07,-0.0325000004
4.32e-07,-0.0167187504
4.34e-07,-0.0223437504
4.36e-07,-0.0381250004
4.38e-07,-0.0535937504
4.4e-07,-0.0609375004
4.42e-07,-0.0429687504
4.44e-07,-0.0101562504
4.46e-07,0.0192187496
4.48e-07,0.0292187496
4.5e-07,0.00874999955
4.52e-07,-0.00390625045
4.54e-07,0.00249999955
4.56e-07,0.0218749996
4.58e-07,0.0374999996
4.6e-07,0.0456249996
4.62e-07,0.0537499996
4.64e-07,0.0668749996
4.66e-07,0.0710937496
4.68e-07,0.0706249996
4.7e-07,0.0662499996
4.72e-07,0.0559374996
4.74e-07,0.0528124996
4.76e-07,0.0648437496
4.78e-07,0.0849999996
4.8e-07,0.10484375
4.82e-07,0.0934374996
4.84e-07,0.0635937496
4.86e-07,0.0420312496
4.88e-07,0.0370312496
4.9e-07,0.0487499996
4.92e-07,0.0598437496
4.94e-07,0.0592187496
4.96e-07,0.0462499996
4.98e-07,0.0303124996
5e-07,0.0165624996
5.02e-07,0.00906249955
5.04e-07,0.00468749955
5.06e-07,-0.00562500045
5.08e-07,-0.0140625004
5.1e-07,-0.0184375004
5.12e-07,-0.0132812504
5.14e-07,-0.00453125045
5.16e-07,-0.0143750004
5.18e-07,-0.0403125004
5.2e-07,-0.0623437504
5.22e-07,-0.0631250004
5.24e-07,-0.0471875004
5.26e-07,-0.0214062504
5.28e-07,-0.0167187504
5.3e-07,-0.0264062504
5.32e-07,-0.0392187504
5.34e-07,-0.0503125004
5.36e-07,-0.0423437504
5.38e-07,-0.0250000004
5.4e-07,-0.00843750045
5.42e-07,-0.00187500045
5.44e-07,0.00124999955
5.46e-07,0.00562499955
5.48e-07,0.0210937496
5.5e-07,0.0254687496
5.52e-07,0.0231249996
5.54e-07,0.0184374996
5.56e-07,0.0262499996
5.58e-07,0.0476562496
5.6e-07,0.0660937496
5.62e-07,0.0746874996
5.64e-07,0.0692187496
5.66e-07,0.0551562496
5.68e-07,0.0467187496
5.7e-07,0.0534374996
5.72e-07,0.0704687496
5.74e-07,0.0837499996
5.76e-07,0.0842187496
5.78e-07,0.0637499996
5.8e-07,0.0603124996
5.82e-07,0.0576562496
5.84e-07,0.0595312496
5.86e-07,0.0529687496
5.88e-07,0.0442187496
5.9e-07,0.0356249996
5.92e-07,0.0387499996
5.94e-07,0.0417187496
5.96e-07,0.0371874996
5.98e-07,0.0239062496
6e-07,0.000937499553
6.02e-07,-0.0176562504
6.04e-07,-0.0173437504
6.06e-07,-0.00625000045
6.08e-07,0.00421874955
6.1e-07,-0.00234375045
6.12e-07,-0.0229687504
6.14e-07,-0.0396875004
6.16e-07,-0.0440625004
6.18e-07,-0.0348437504
6.2e-07,-0.0310937504
6.22e-07,-0.0300000004
6.24e-07,-0.0337500004
6.26e-07,-0.0307812504
6.28e-07,-0.0284375004
6.3e-07,-0.0231250004
6.32e-07,-0.0195312504
6.34e-07,-0.0250000004
6.36e-07,-0.0262500004
6.38e-07,-0.0195312504
6.4e-07,0.00203124955
6.42e-07,0.0212499996
6.44e-07,0.0262499996
6.46e-07,0.0159374996
6.48e-07,0.00937499955
6.5e-07,0.0121874996
6.52e-07,0.0304687496
6.54e-07,0.0481249996
6.56e-07,0.0545312496
6.58e-07,0.0562499996
6.6e-07,0.0526562496
6.62e-07,0.0515624996
6.64e-07,0.0574999996
6.66e-07,0.0617187496
6.68e-07,0.0653124996
6.7e-07,0.0604687496
6.72e-07,0.0592187496
6.74e-07,0.0653124996
6.76e-07,0.0737499996
6.78e-07,0.0679687496
6.8e-07,0.0549999996
6.82e-07,0.0396874996
6.84e-07,0.0356249996
6.86e-07,0.0412499996
6.88e-07,0.0462499996
6.9e-07,0.0440624996
6.92e-07,0.0357812496
6.94e-07,0.0148437496
6.96e-07,0.00328124955
6.98e-07,0.000312499553
7e-07,0.00328124955
7.02e-07,0.00343749955
7.04e-07,-0.00593750045
7.06e-07,-0.0170312504
7.08e-07,-0.0179687504
7.1e-07,-0.0175000004
7.12e-07,-0.0204687504
7.14e-07,-0.0259375004
7.16e-07,-0.0379687504
7.18e-07,-0.0373437504
7.2e-07,-0.0329687504
7.22e-07,-0.0196875004
7.24e-07,-0.0134375004
7.26e-07,-0.0162500004
7.28e-07,-0.0282812504
7.3e-07,-0.0339062504
7.32e-07,-0.0251562504
7.34e-07,-0.00734375045
7.36e-07,0.00859374955
7.38e-07,0.0107812496
7.4e-07,0.00906249955
7.42e-07,0.00859374955
7.44e-07,0.0184374996
7.46e-07,0.0257812496
7.48e-07,0.0359374996
7.5e-07,0.0370312496
7.52e-07,0.0389062496
7.54e-07,0.0445312496
7.56e-07,0.0520312496
7.58e-07,0.0598437496
7.6e-07,0.0604687496
7.62e-07,0.0535937496
7.64e-07,0.0476562496
7.66e-07,0.0492187496
7.68e-07,0.0603124996
7.7e-07,0.0698437496
7.72e-07,0.0654687496
7.74e-07,0.0573437496
7.76e-07,0.0478124996
7.78e-07,0.0399999996
7.8e-07,0.0456249996
7.82e-07,0.0474999996
7.84e-07,0.0421874996
7.86e-07,0.0314062496
7.88e-07,0.0212499996
7.9e-07,0.0193749996
7.92e-07,0.0210937496
7.94e-07,0.0153124996
7.96e-07,0.00609374955
7.98e-07,-0.00765625045
8e-07,-0.0143750004
8.02e-07,-0.00562500045
8.04e-07,-0.000625000447
8.06e-07,-0.00609375045
8.08e-07,-0.0173437504
8.1e-07,-0.0290625004
8.12e-07,-0.0356250004
8.14e-07,-0.0285937504
8.16e-07,-0.0189062504
8.18e-07,-0.0176562504
8.2e-07,-0.0185937504
8.22e-07,-0.0259375004
8.24e-07,-0.0267187504
8.26e-07,-0.0165625004
8.28e-07,-0.00781250045
8.3e-07,-0.00328125045
8.32e-07,-0.00500000045
8.34e-07,-0.00156250045
8.36e-07,0.00578124955
8.38e-07,0.0195312496
8.4e-07,0.0268749996
8.42e-07,0.0282812496
8.44e-07,0.0218749996
8.46e-07,0.0246874996
8.48e-07,0.0357812496
8.5e-07,0.0462499996
8.52e-07,0.0537499996
8.54e-07,0.0556249996
8.56e-07,0.0482812496
8.58e-07,0.0460937496
8.6e-07,0.0492187496
8.62e-07,0.0574999996
8.64e-07,0.0610937496
8.66e-07,0.0565624996
8.68e-07,0.0520312496
8.7e-07,0.0495312496
8.72e-07,0.0520312496
8.74e-07,0.0528124996
8.76e-07,0.0503124996
8.78e-07,0.0381249996
8.8e-07,0.0301562496
8.82e-07,0.0284374996
8.84e-07,0.0326562496
8.86e-07,0.0317187496
8.88e-07,0.0229687496
8.9e-07,0.0109374996
8.92e-07,0.000312499553
8.94e-07,-0.00250000045
8.96e-07,-0.000156250447
8.98e-07,0.00406249955
9e-07,-0.00296875045
9.02e-07,-0.0134375004
9.04e-07,-0.0190625004
9.06e-07,-0.0212500004
9.08e-07,-0.0170312504
9.1e-07,-0.0171875004
9.12e-07,-0.0182812504
9.14e-07,-0.0245312504
9.16e-07,-0.0262500004
9.18e-07,-0.0201562504
9.2e-07,-0.00906250045
9.22e-07,-0.00734375045
9.24e-07,-0.0114062504
9.26e-07,-0.0153125004
9.28e-07,-0.0107812504
9.3e-07,0.00328124955
9.32e-07,0.0153124996
9.34e-07,0.0190624996
9.36e-07,0.0165624996
9.38e-07,0.0151562496
9.4e-07,0.0190624996
9.42e-07,0.0307812496
9.44e-07,0.0393749996
9.46e-07,0.0435937496
9.48e-07,0.0434374996
9.5e-07,0.0417187496
9.52e-07,0.0457812496
9.54e-07,0.0528124996
9.56e-07,0.0559374996
9.58e-07,0.0532812496
9.6e-07,0.0487499996
9.62e-07,0.0473437496
9.64e-07,0.0499999996
9.66e-07,0.0551562496
9.68e-07,0.0546874996
9.7e-07,0.0481249996
9.72e-07,0.0390624996
9.74e-07,0.0348437496
9.76e-07,0.0349999996
9.78e-07,0.0384374996
9.8e-07,0.0371874996
9.82e-07,0.0259374996
9.84e-07,0.0165624996
9.86e-07,0.0106249996
9.88e-07,0.0121874996
9.9e-07,0.0120312496
9.92e-07,0.00671874955
9.94e-07,-0.00171875045
9.96e-07,-0.00812500045
9.98e-07,-0.0112500004
1e-06,-0.0104687504
1.002e-06,-0.00687500045
1.004e-06,-0.0110937504
1.006e-06,-0.0206250004
1.008e-06,-0.0242187504
1.01e-06,-0.0206250004
1.012e-06,-0.0118750004
1.014e-06,-0.00703125045
1.016e-06,-0.00875000045
1.018e-06,-0.0145312504
1.02e-06,-0.0160937504
1.022e-06,-0.0104687504
1.024e-06,-0.000468750447
1.026e-06,0.00874999955
1.028e-06,0.00843749955
1.03e-06,0.00640624955
1.032e-06,0.0107812496
1.034e-06,0.0181249996
1.036e-06,0.0267187496
1.038e-06,0.0314062496
1.04e-06,0.0303124996
1.042e-06,0.0303124996
1.044e-06,0.0370312496
1.046e-06,0.0434374996
1.048e-06,0.0517187496
1.05e-06,0.0512499996
1.052e-06,0.0471874996
1.054e-06,0.0445312496
1.056e-06,0.0442187496
1.058e-06,0.0517187496
1.06e-06,0.0539062496
1.062e-06,0.0509374996
1.064e-06,0.0467187496
1.066e-06,0.0401562496
1.068e-06,0.0392187496
1.07e-06,0.0417187496
1.072e-06,0.0437499996
1.074e-06,0.0371874996
1.076e-06,0.0273437496
1.078e-06,0.0215624996
1.08e-06,0.0231249996
1.082e-06,0.0237499996
1.084e-06,0.0204687496
1.086e-06,0.0106249996
1.088e-06,0.00203124955
1.09e-06,-0.00296875045
1.092e-06,0.000156249553
1.094e-06,0.00218749955
1.096e-06,0.000468749553
1.098e-06,-0.00656250045
1.1e-06,-0.0159375004
1.102e-06,-0.0198437504
1.104e-06,-0.0134375004
1.106e-06,-0.00921875045
1.108e-06,-0.00875000045
1.11e-06,-0.0109375004
1.112e-06,-0.0159375004
1.114e-06,-0.00984375045
1.116e-06,-0.00453125045
1.118e-06,-4.47034836e-10
1.12e-06,0.00109374955
1.122e-06,-4.47034836e-10
1.124e-06,0.00390624955
1.126e-06,0.00859374955
1.128e-06,0.0157812496
1.13e-06,0.0240624996
1.132e-06,0.0234374996
1.134e-06,0.0226562496
1.136e-06,0.0237499996
1.138e-06,0.0301562496
1.14e-06,0.0406249996
1.142e-06,0.0465624996
1.144e-06,0.0440624996
1.146e-06,0.0406249996
1.148e-06,0.0434374996
1.15e-06,0.0459374996
1.152e-06,0.0507812496
1.154e-06,0.0504687496
1.156e-06,0.0462499996
1.158e-06,0.0454687496
1.16e-06,0.0434374996
1.162e-06,0.0435937496
1.164e-06,0.0478124996
1.166e-06,0.0423437496
1.168e-06,0.0356249996
1.17e-06,0.0307812496
1.172e-06,0.0303124996
1.174e-06,0.0299999996
1.176e-06,0.0273437496
1.178e-06,0.0201562496
1.18e-06,0.0154687496
1.182e-06,0.00687499955
1.184e-06,0.00593749955
1.186e-06,0.00843749955
1.188e-06,0.00687499955
1.19e-06,0.00109374955
1.192e-06,-0.00484375045
1.194e-06,-0.0100000004
1.196e-06,-0.00859375045
1.198e-06,-0.00703125045
1.2e-06,-0.00406250045
1.202e-06,-0.00968750045
1.204e-06,-0.0143750004
1.206e-06,-0.0154687504
1.208e-06,-0.00843750045
1.21e-06,-0.00281250045
1.212e-06,0.00140624955
1.214e-06,-0.00125000045
1.216e-06,-0.00421875045
1.218e-06,-0.000781250447
1.22e-06,0.00796874955
1.222e-06,0.0128124996
1.224e-06,0.0156249996
1.226e-06,0.0170312496
1.228e-06,0.0162499996
1.23e-06,0.0187499996
1.232e-06,0.0285937496
1.234e-06,0.0337499996
1.236e-06,0.0359374996
1.238e-06,0.0368749996
1.24e-06,0.0364062496
1.242e-06,0.0409374996
1.244e-06,0.0459374996
1.246e-06,0.0485937496
1.248e-06,0.0454687496
1.25e-06,0.0410937496
1.252e-06,0.0410937496
1.254e-06,0.0439062496
1.256e-06,0.0465624996
1.258e-06,0.0476562496
1.26e-06,0.0406249996
1.262e-06,0.0345312496
1.264e-06,0.0317187496
1.266e-06,0.0329687496
1.268e-06,0.0335937496
1.27e-06,0.0310937496
1.272e-06,0.0248437496
1.274e-06,0.0187499996
1.276e-06,0.0154687496
1.278e-06,0.0157812496
1.28e-06,0.0164062496
1.282e-06,0.0134374996
1.284e-06,0.00484374955
1.286e-06,-0.000937500447
1.288e-06,-0.00234375045
1.29e-06,-0.000312500447
1.292e-06,0.000468749553
1.294e-06,-0.00281250045
1.296e-06,-0.00781250045
1.298e-06,-0.0123437504
1.3e-06,-0.00890625045
1.302e-06,-0.00484375045
1.304e-06,-0.00187500045
1.306e-06,-0.00328125045
1.308e-06,-0.00187500045
1.31e-06,-0.00390625045
1.312e-06,-0.00156250045
1.314e-06,0.00718749955
1.316e-06,0.0106249996
1.318e-06,0.00890624955
1.32e-06,0.0109374996
1.322e-06,0.0118749996
1.324e-06,0.0187499996
1.326e-06,0.0254687496
1.328e-06,0.0268749996
1.33e-06,0.0290624996
1.332e-06,0.0262499996
1.334e-06,0.0314062496
1.336e-06,0.0382812496
1.338e-06,0.0420312496
1.34e-06,0.0414062496
1.342e-06,0.0407812496
1.344e-06,0.0385937496
1.346e-06,0.0401562496
1.348e-06,0.0417187496
1.35e-06,0.0449999996
1.352e-06,0.0439062496
1.354e-06,0.0393749996
1.356e-06,0.0364062496
1.358e-06,0.0359374996
1.36e-06,0.0393749996
1.362e-06,0.0354687496
1.364e-06,0.0310937496
1.366e-06,0.0240624996
1.368e-06,0.0218749996
1.37e-06,0.0214062496
1.372e-06,0.0229687496
1.374e-06,0.0173437496
1.376e-06,0.0131249996
1.378e-06,0.00828124955
1.38e-06,0.00468749955
1.382e-06,0.00593749955
1.384e-06,0.00453124955
1.386e-06,0.00531249955
1.388e-06,-0.00125000045
1.39e-06,-0.00703125045
1.392e-06,-0.00734375045
1.394e-06,-0.00328125045
1.396e-06,0.000624999553
1.398e-06,-4.47034836e-10
1.4e-06,-0.00359375045
1.402e-06,-0.00578125045
1.404e-06,-0.00375000045
1.406e-06,0.00249999955
1.408e-06,0.00562499955
1.41e-06,0.00515624955
1.412e-06,0.00531249955
1.414e-06,0.00499999955
1.416e-06,0.0110937496
1.418e-06,0.0165624996
1.42e-06,0.0215624996
1.422e-06,0.0223437496
1.424e-06,0.0229687496
1.426e-06,0.0239062496
1.428e-06,0.0293749996
1.43e-06,0.0328124996
1.432e-06,0.0370312496
1.434e-06,0.0362499996
1.436e-06,0.0334374996
1.438e-06,0.0349999996
1.44e-06,0.0398437496
1.442e-06,0.0439062496
1.444e-06,0.0440624996
1.446e-06,0.0390624996
1.448e-06,0.0374999996
1.45e-06,0.0378124996
1.452e-06,0.0390624996
1.454e-06,0.0403124996
1.456e-06,0.0381249996
1.458e-06,0.0315624996
1.46e-06,0.0254687496
1.462e-06,0.0256249996
1.464e-06,0.0264062496
1.466e-06,0.0270312496
1.468e-06,0.0229687496
1.47e-06,0.0159374996
1.472e-06,0.0118749996
1.474e-06,0.00843749955
1.476e-06,0.0120312496
1.478e-06,0.0121874996
1.48e-06,0.00609374955
1.482e-06,0.000937499553
1.484e-06,-0.00171875045
1.486e-06,0.000781249553
1.488e-06,0.000624999553
1.49e-06,0.00203124955
1.492e-06,-0.00187500045
1.494e-06,-0.00406250045
1.496e-06,-0.00359375045
1.498e-06,0.00109374955
1.5e-06,0.00312499955
1.502e-06,0.00484374955
1.504e-06,0.00218749955
1.506e-06,0.00374999955
1.508e-06,0.00406249955
1.51e-06,0.00937499955
1.512e-06,0.0123437496
1.514e-06,0.0173437496
1.516e-06,0.0159374996
1.518e-06,0.0156249996
1.52e-06,0.0206249996
1.522e-06,0.0237499996
1.524e-06,0.0299999996
1.526e-06,0.0306249996
1.528e-06,0.0292187496
1.53e-06,0.0296874996
1.532e-06,0.0335937496
1.534e-06,0.0382812496
1.536e-06,0.0418749996
1.538e-06,0.0398437496
1.54e-06,0.0381249996
1.542e-06,0.0382812496
1.544e-06,0.0382812496
1.546e-06,0.0415624996
1.548e-06,0.0404687496
1.55e-06,0.0359374996
1.552e-06,0.0310937496
1.554e-06,0.0309374996
1.556e-06,0.0301562496
1.558e-06,0.0314062496
1.56e-06,0.0287499996
1.562e-06,0.0229687496
1.564e-06,0.0184374996
1.566e-06,0.0182812496
1.568e-06,0.0173437496
1.57e-06,0.0171874996
1.572e-06,0.0126562496
1.574e-06,0.00906249955
1.576e-06,0.00499999955
1.578e-06,0.00531249955
1.58e-06,0.00531249955
1.582e-06,0.00624999955
1.584e-06,0.00343749955
1.586e-06,0.000937499553
1.588e-06,-0.00281250045
1.59e-06,-4.47034836e-10
1.592e-06,0.000468749553
1.594e-06,0.00406249955
1.596e-06,0.00249999955
1.598e-06,0.000312499553
1.6e-06,0.00234374955
1.602e-06,0.00578124955
1.604e-06,0.00718749955
1.606e-06,0.0120312496
1.608e-06,0.0110937496
1.61e-06,0.0117187496
1.612e-06,0.0143749996
1.614e-06,0.0189062496
1.616e-06,0.0243749996
1.618e-06,0.0237499996
1.62e-06,0.0237499996
1.622e-06,0.0242187496
1.624e-06,0.0268749996
1.626e-06,0.0337499996
1.628e-06,0.0365624996
1.63e-06,0.0370312496
1.632e-06,0.0360937496
1.634e-06,0.0346874996
1.636e-06,0.0332812496
1.638e-06,0.0399999996
1.64e-06,0.0396874996
1.642e-06,0.0379687496
1.644e-06,0.0349999996
1.646e-06,0.0337499996
1.648e-06,0.0317187496
1.65e-06,0.0339062496
1.652e-06,0.0320312496
1.654e-06,0.0285937496
1.656e-06,0.0240624996
1.658e-06,0.0217187496
1.66e-06,0.0224999996
1.662e-06,0.0203124996
1.664e-06,0.0204687496
1.666e-06,0.0148437496
1.668e-06,0.0115624996
1.67e-06,0.0107812496
1.672e-06,0.00906249955
1.674e-06,0.0103124996
1.676e-06,0.00874999955
1.678e-06,0.00515624955
1.68e-06,0.00374999955
1.682e-06,0.00265624955
1.684e-06,0.00468749955
1.686e-06,0.00687499955
1.688e-06,0.00546874955
1.69e-06,0.000624999553
1.692e-06,0.000937499553
1.694e-06,0.00468749955
1.696e-06,0.00656249955
1.698e-06,0.00640624955
1.7e-06,0.0120312496
1.702e-06,0.00749999955
1.704e-06,0.00968749955
1.706e-06,0.0131249996
1.708e-06,0.0164062496
1.71e-06,0.0182812496
1.712e-06,0.0217187496
1.714e-06,0.0198437496
1.716e-06,0.0212499996
1.718e-06,0.0253124996
1.72e-06,0.0296874996
1.722e-06,0.0321874996
1.724e-06,0.0303124996
1.726e-06,0.0303124996
1.728e-06,0.0315624996
1.73e-06,0.0351562496
1.732e-06,0.0374999996
1.734e-06,0.0354687496
1.736e-06,0.0345312496
1.738e-06,0.0340624996
1.74e-06,0.0328124996
1.742e-06,0.0348437496
1.744e-06,0.0365624996
1.746e-06,0.0335937496
1.748e-06,0.0299999996
1.75e-06,0.0245312496
1.752e-06,0.0248437496
1.754e-06,0.0254687496
1.756e-06,0.0245312496
1.758e-06,0.0207812496
1.76e-06,0.0182812496
1.762e-06,0.0148437496
1.764e-06,0.0143749996
1.766e-06,0.0145312496
1.768e-06,0.0124999996
1.77e-06,0.00921874955
1.772e-06,0.00749999955
1.774e-06,0.00578124955
1.776e-06,0.00578124955
1.778e-06,0.00562499955
1.78e-06,0.00578124955
1.782e-06,0.00390624955
1.784e-06,0.00218749955
1.786e-06,0.00390624955
1.788e-06,0.00390624955
1.79e-06,0.00593749955
1.792e-06,0.0106249996
1.794e-06,0.00687499955
1.796e-06,0.00734374955
1.798e-06,0.00999999955
1.8e-06,0.0123437496
1.802e-06,0.0156249996
1.804e-06,0.0162499996
1.806e-06,0.0153124996
1.808e-06,0.0195312496
1.81e-06,0.0198437496
1.812e-06,0.0231249996
1.814e-06,0.0256249996
1.816e-06,0.0257812496
1.818e-06,0.0259374996
1.82e-06,0.0274999996
1.822e-06,0.0310937496
1.824e-06,0.0328124996
1.826e-06,0.0340624996
1.828e-06,0.0337499996
1.83e-06,0.0335937496
1.832e-06,0.0315624996
1.834e-06,0.0339062496
1.836e-06,0.0384374996
1.838e-06,0.0362499996
1.84e-06,0.0318749996
1.842e-06,0.0292187496
1.844e-06,0.0289062496
1.846e-06,0.0289062496
1.848e-06,0.0298437496
1.85e-06,0.0249999996
1.852e-06,0.0248437496
1.854e-06,0.0206249996
1.856e-06,0.0196874996
1.858e-06,0.0189062496
1.86e-06,0.0181249996
1.862e-06,0.0149999996
1.864e-06,0.0120312496
1.866e-06,0.0103124996
1.868e-06,0.00812499955
1.87e-06,0.0101562496
1.872e-06,0.0103124996
1.874e-06,0.00781249955
1.876e-06,0.00515624955
1.878e-06,0.00593749955
1.88e-06,0.00437499955
1.882e-06,0.00828124955
1.884e-06,0.00828124955
1.886e-06,0.00421874955
1.888e-06,0.00484374955
1.89e-06,0.00687499955
1.892e-06,0.00890624955
1.894e-06,0.0128124996
1.896e-06,0.0139062496
1.898e-06,0.0134374996
1.9e-06,0.0129687496
1.902e-06,0.0145312496
1.904e-06,0.0201562496
1.906e-06,0.0214062496
1.908e-06,0.0232812496
1.91e-06,0.0245312496
1.912e-06,0.0237499996
1.914e-06,0.0267187496
1.916e-06,0.0279687496
1.918e-06,0.0303124996
1.92e-06,0.0306249996
1.922e-06,0.0331249996
1.924e-06,0.0296874996
1.926e-06,0.0318749996
1.928e-06,0.0346874996
1.93e-06,0.0337499996
1.932e-06,0.0314062496
1.934e-06,0.0317187496
1.936e-06,0.0290624996
1.938e-06,0.0296874996
1.94e-06,0.0289062496
1.942e-06,0.0276562496
1.944e-06,0.0273437496
1.946e-06,0.0229687496
1.948e-06,0.0223437496
1.95e-06,0.0220312496
1.952e-06,0.0234374996
1.954e-06,0.0217187496
1.956e-06,0.0165624996
1.958e-06,0.0140624996
1.96e-06,0.0131249996
1.962e-06,0.0139062496
1.964e-06,0.0112499996
1.966e-06,0.0117187496
1.968e-06,0.00874999955
1.97e-06,0.00593749955
1.972e-06,0.00671874955
1.974e-06,0.00687499955
1.976e-06,0.00874999955
1.978e-06,0.00812499955
1.98e-06,0.00453124955
1.982e-06,0.00687499955
1.984e-06,0.00828124955
1.986e-06,0.0104687496
1.988e-06,0.0114062496
1.99e-06,0.0109374996
1.992e-06,0.00968749955
1.994e-06,0.0114062496
1.996e-06,0.0115624996
1.998e-06,0.0173437496
2e-06,0.0176562496
2.002e-06,0.0199999996
2.004e-06,0.0196874996
2.006e-06,0.0206249996
2.008e-06,0.0242187496
2.01e-06,0.0254687496
2.012e-06,0.0271874996
2.014e-06,0.0264062496
2.016e-06,0.0274999996
2.018e-06,0.0276562496
2.02e-06,0.0331249996
2.022e-06,0.0306249996
2.024e-06,0.0307812496
2.026e-06,0.0295312496
2.028e-06,0.0292187496
2.03e-06,0.0296874996
2.032e-06,0.0315624996
2.034e-06,0.0314062496
2.036e-06,0.0293749996
2.038e-06,0.0264062496
2.04e-06,0.0243749996
2.042e-06,0.0242187496
2.044e-06,0.0231249996
2.046e-06,0.0232812496
2.048e-06,0.0231249996
2.05e-06,0.0184374996
2.052e-06,0.0173437496
2.054e-06,0.0173437496
2.056e-06,0.0174999996
2.058e-06,0.0148437496
2.06e-06,0.0101562496
2.062e-06,0.0114062496
2.064e-06,0.00968749955
2.066e-06,0.0101562496
2.068e-06,0.00984374955
2.07e-06,0.00859374955
2.072e-06,0.00703124955
2.074e-06,0.00624999955
2.076e-06,0.00781249955
2.078e-06,0.00937499955
2.08e-06,0.0118749996
2.082e-06,0.0118749996
2.084e-06,0.0114062496
2.086e-06,0.00999999955
2.088e-06,0.0135937496
2.09e-06,0.0132812496
2.092e-06,0.0156249996
2.094e-06,0.0159374996
2.096e-06,0.0179687496
2.098e-06,0.0171874996
2.1e-06,0.0201562496
2.102e-06,0.0221874996
2.104e-06,0.0249999996
2.106e-06,0.0240624996
2.108e-06,0.0249999996
2.11e-06,0.0259374996
2.112e-06,0.0293749996
2.114e-06,0.0284374996
2.116e-06,0.0306249996
2.118e-06,0.0268749996
2.12e-06,0.0303124996
2.122e-06,0.0276562496
2.124e-06,0.0306249996
2.126e-06,0.0303124996
2.128e-06,0.0296874996
2.13e-06,0.0279687496
2.132e-06,0.0267187496
2.134e-06,0.0276562496
2.136e-06,0.0249999996
2.138e-06,0.0251562496
2.14e-06,0.0248437496
2.142e-06,0.0214062496
2.144e-06,0.0203124996
2.146e-06,0.0204687496
2.148e-06,0.0203124996
2.15e-06,0.0167187496
2.152e-06,0.0176562496
2.154e-06,0.0140624996
2.156e-06,0.0117187496
2.158e-06,0.0129687496
2.16e-06,0.0131249996
2.162e-06,0.0117187496
2.164e-06,0.0118749996
2.166e-06,0.00968749955
2.168e-06,0.00968749955
2.17e-06,0.0110937496
2.172e-06,0.0107812496
2.174e-06,0.00890624955
2.176e-06,0.00890624955
2.178e-06,0.00968749955
2.18e-06,0.0107812496
2.182e-06,0.0126562496
2.184e-06,0.0145312496
2.186e-06,0.0148437496
2.188e-06,0.0132812496
2.19e-06,0.0142187496
2.192e-06,0.0174999996
2.194e-06,0.0193749996
2.196e-06,0.0217187496
2.198e-06,0.0207812496
2.2e-06,0.0210937496
2.202e-06,0.0221874996
2.204e-06,0.0246874996
2.206e-06,0.0264062496
2.208e-06,0.0281249996
2.21e-06,0.0270312496
2.212e-06,0.0268749996
2.214e-06,0.0285937496
2.216e-06,0.0287499996
2.218e-06,0.0320312496
2.22e-06,0.0303124996
2.222e-06,0.0278124996
2.224e-06,0.0303124996
2.226e-06,0.0281249996
2.228e-06,0.0268749996
2.23e-06,0.0267187496
2.232e-06,0.0251562496
2.234e-06,0.0242187496
2.236e-06,0.0221874996
2.238e-06,0.0210937496
2.24e-06,0.0228124996
2.242e-06,0.0220312496
2.244e-06,0.0207812496
2.246e-06,0.0174999996
2.248e-06,0.0185937496
2.25e-06,0.0146874996
2.252e-06,0.0139062496
2.254e-06,0.0126562496
2.256e-06,0.0143749996
2.258e-06,0.0124999996
2.26e-06,0.0120312496
2.262e-06,0.0106249996
2.264e-06,0.0109374996
2.266e-06,0.0115624996
2.268e-06,0.0110937496
2.27e-06,0.00828124955
2.272e-06,0.00953124955
2.274e-06,0.00968749955
2.276e-06,0.0124999996
2.278e-06,0.0126562496
2.28e-06,0.0142187496
2.282e-06,0.0129687496
2.284e-06,0.0131249996
2.286e-06,0.0143749996
2.288e-06,0.0170312496
2.29e-06,0.0199999996
2.292e-06,0.0192187496
2.294e-06,0.0187499996
2.296e-06,0.0215624996
2.298e-06,0.0237499996
2.3e-06,0.0221874996
2.302e-06,0.0248437496
2.304e-06,0.0242187496
2.306e-06,0.0256249996
2.308e-06,0.0267187496
2.31e-06,0.0254687496
2.312e-06,0.0285937496
2.314e-06,0.0289062496
2.316e-06,0.0287499996
2.318e-06,0.0265624996
2.32e-06,0.0293749996
2.322e-06,0.0287499996
2.324e-06,0.0274999996
2.326e-06,0.0287499996
2.328e-06,0.0260937496
2.33e-06,0.0224999996
2.332e-06,0.0231249996
2.334e-06,0.0235937496
2.336e-06,0.0220312496
2.338e-06,0.0232812496
2.34e-06,0.0187499996
2.342e-06,0.0170312496
2.344e-06,0.0171874996
2.346e-06,0.0143749996
2.348e-06,0.0159374996
2.35e-06,0.0145312496
2.352e-06,0.0129687496
2.354e-06,0.0124999996
2.356e-06,0.0115624996
2.358e-06,0.0117187496
2.36e-06,0.0121874996
2.362e-06,0.0112499996
2.364e-06,0.00999999955
2.366e-06,0.0112499996
2.368e-06,0.0121874996
2.37e-06,0.0112499996
2.372e-06,0.0126562496
2.374e-06,0.0124999996
2.376e-06,0.0131249996
2.378e-06,0.0143749996
2.38e-06,0.0148437496
2.382e-06,0.0174999996
2.384e-06,0.0167187496
2.386e-06,0.0159374996
2.388e-06,0.0176562496
2.39e-06,0.0210937496
2.392e-06,0.0206249996
2.394e-06,0.0229687496
2.396e-06,0.0224999996
2.398e-06,0.0232812496
2.4e-06,0.0242187496
2.402e-06,0.0251562496
2.404e-06,0.0267187496
2.406e-06,0.0268749996
2.408e-06,0.0268749996
2.41e-06,0.0278124996
2.412e-06,0.0249999996
2.414e-06,0.0281249996
2.416e-06,0.0262499996
2.418e-06,0.0273437496
2.42e-06,0.0248437496
2.422e-06,0.0254687496
2.424e-06,0.0264062496
2.426e-06,0.0235937496
2.428e-06,0.0254687496
2.43e-06,0.0249999996
2.432e-06,0.0223437496
2.434e-06,0.0214062496
2.436e-06,0.0190624996
2.438e-06,0.0184374996
2.44e-06,0.0206249996
2.442e-06,0.0151562496
2.444e-06,0.0160937496
2.446e-06,0.0134374996
2.448e-06,0.0139062496
2.45e-06,0.0143749996
2.452e-06,0.0140624996
2.454e-06,0.0129687496
2.456e-06,0.0109374996
2.458e-06,0.0118749996
2.46e-06,0.0117187496
2.462e-06,0.0115624996
2.464e-06,0.0132812496
2.466e-06,0.0112499996
2.468e-06,0.0117187496
2.47e-06,0.0118749996
2.472e-06,0.0120312496
2.474e-06,0.0120312496
2.476e-06,0.0134374996
2.478e-06,0.0148437496
2.48e-06,0.0148437496
2.482e-06,0.0173437496
2.484e-06,0.0196874996
2.486e-06,0.0204687496
2.488e-06,0.0187499996
2.49e-06,0.0223437496
2.492e-06,0.0210937496
2.494e-06,0.0220312496
2.496e-06,0.0251562496
2.498e-06,0.0257812496
