-2.5e-06,0.00299218762
-2.498e-06,0.00287500011
-2.496e-06,0.00306250012
-2.494e-06,0.00300000012
-2.492e-06,0.00300781262
-2.49e-06,0.00292968762
-2.488e-06,0.00296875012
-2.486e-06,0.00279687511
-2.484e-06,0.00297656262
-2.482e-06,0.00287500011
-2.48e-06,0.00300000012
-2.478e-06,0.00300000012
-2.476e-06,0.00283593761
-2.474e-06,0.00294531262
-2.472e-06,0.00279687511
-2.47e-06,0.00296093762
-2.468e-06,0.00297656262
-2.466e-06,0.00296875012
-2.464e-06,0.00293750012
-2.462e-06,0.00273437511
-2.46e-06,0.00296093762
-2.458e-06,0.00299218762
-2.456e-06,0.00300000012
-2.454e-06,0.00304687512
-2.452e-06,0.00294531262
-2.45e-06,0.00301562512
-2.448e-06,0.00301562512
-2.446e-06,0.00301562512
-2.444e-06,0.00290625012
-2.442e-06,0.00302343762
-2.44e-06,0.00295312512
-2.438e-06,0.00290625012
-2.436e-06,0.00307031262
-2.434e-06,0.00306250012
-2.432e-06,0.00284375011
-2.43e-06,0.00307031262
-2.428e-06,0.00299218762
-2.426e-06,0.00298437512
-2.424e-06,0.00286718761
-2.422e-06,0.00285937511
-2.42e-06,0.00301562512
-2.418e-06,0.00303906262
-2.416e-06,0.00292968762
-2.414e-06,0.00293750012
-2.412e-06,0.00299218762
-2.41e-06,0.00294531262
-2.408e-06,0.00292187512
-2.406e-06,0.00293750012
-2.404e-06,0.00293750012
-2.402e-06,0.00291406262
-2.4e-06,0.00301562512
-2.398e-06,0.00306250012
-2.396e-06,0.00303125012
-2.394e-06,0.00286718761
-2.392e-06,0.00301562512
-2.39e-06,0.00291406262
-2.388e-06,0.00299218762
-2.386e-06,0.00292187512
-2.384e-06,0.00291406262
-2.382e-06,0.00293750012
-2.38e-06,0.00301562512
-2.378e-06,0.00286718761
-2.376e-06,0.00296093762
-2.374e-06,0.00300781262
-2.372e-06,0.00290625012
-2.37e-06,0.00296093762
-2.368e-06,0.00300000012
-2.366e-06,0.00299218762
-2.364e-06,0.00309375012
-2.362e-06,0.00307812512
-2.36e-06,0.00301562512
-2.358e-06,0.00295312512
-2.356e-06,0.00293750012
-2.354e-06,0.00303906262
-2.352e-06,0.00292968762
-2.35e-06,0.00295312512
-2.348e-06,0.00303906262
-2.346e-06,0.00297656262
-2.344e-06,0.00297656262
-2.342e-06,0.00305468762
-2.34e-06,0.00292187512
-2.338e-06,0.00292968762
-2.336e-06,0.00293750012
-2.334e-06,0.00303906262
-2.332e-06,0.00302343762
-2.33e-06,0.00292968762
-2.328e-06,0.00285156261
-2.326e-06,0.00291406262
-2.324e-06,0.00303125012
-2.322e-06,0.00303125012
-2.32e-06,0.00292187512
-2.318e-06,0.00298437512
-2.316e-06,0.00294531262
-2.314e-06,0.00293750012
-2.312e-06,0.00297656262
-2.31e-06,0.00295312512
-2.308e-06,0.00287500011
-2.306e-06,0.00297656262
-2.304e-06,0.00290625012
-2.302e-06,0.00292968762
-2.3e-06,0.00304687512
-2.298e-06,0.00287500011
-2.296e-06,0.00297656262
-2.294e-06,0.00292187512
-2.292e-06,0.00308593762
-2.29e-06,0.00287500011
-2.288e-06,0.00295312512
-2.286e-06,0.00287500011
-2.284e-06,0.00305468762
-2.282e-06,0.00293750012
-2.28e-06,0.00292968762
-2.278e-06,0.00296875012
-2.276e-06,0.00300781262
-2.274e-06,0.00307031262
-2.272e-06,0.00298437512
-2.27e-06,0.00296093762
-2.268e-06,0.00300000012
-2.266e-06,0.00292187512
-2.264e-06,0.00292968762
-2.262e-06,0.00302343762
-2.26e-06,0.00291406262
-2.258e-06,0.00293750012
-2.256e-06,0.00295312512
-2.254e-06,0.00290625012
-2.252e-06,0.00303125012
-2.25e-06,0.00296093762
-2.248e-06,0.00283593761
-2.246e-06,0.00299218762
-2.244e-06,0.00300781262
-2.242e-06,0.00293750012
-2.24e-06,0.00300781262
-2.238e-06,0.00299218762
-2.236e-06,0.00292968762
-2.234e-06,0.00314062513
-2.232e-06,0.00308593762
-2.23e-06,0.00308593762
-2.228e-06,0.00301562512
-2.226e-06,0.00302343762
-2.224e-06,0.00297656262
-2.222e-06,0.00292187512
-2.22e-06,0.00289062511
-2.218e-06,0.00288281261
-2.216e-06,0.00307812512
-2.214e-06,0.00289843762
-2.212e-06,0.00296875012
-2.21e-06,0.00306250012
-2.208e-06,0.00315625013
-2.206e-06,0.00295312512
-2.204e-06,0.00302343762
-2.202e-06,0.00290625012
-2.2e-06,0.00303906262
-2.198e-06,0.00298437512
-2.196e-06,0.00300781262
-2.194e-06,0.00292968762
-2.192e-06,0.00307812512
-2.19e-06,0.00293750012
-2.188e-06,0.00295312512
-2.186e-06,0.00303906262
-2.184e-06,0.00290625012
-2.182e-06,0.00297656262
-2.18e-06,0.00297656262
-2.178e-06,0.00300000012
-2.176e-06,0.00304687512
-2.174e-06,0.00287500011
-2.172e-06,0.00303125012
-2.17e-06,0.00292968762
-2.168e-06,0.00299218762
-2.166e-06,0.00296875012
-2.164e-06,0.00289062511
-2.162e-06,0.00301562512
-2.16e-06,0.00293750012
-2.158e-06,0.00303125012
-2.156e-06,0.00289062511
-2.154e-06,0.00311718763
-2.152e-06,0.00289843762
-2.15e-06,0.00299218762
-2.148e-06,0.00301562512
-2.146e-06,0.00307031262
-2.144e-06,0.00305468762
-2.142e-06,0.00289062511
-2.14e-06,0.00303906262
-2.138e-06,0.00296875012
-2.136e-06,0.00301562512
-2.134e-06,0.00296093762
-2.132e-06,0.00302343762
-2.13e-06,0.00298437512
-2.128e-06,0.00308593762
-2.126e-06,0.00293750012
-2.124e-06,0.00301562512
-2.122e-06,0.00298437512
-2.12e-06,0.00298437512
-2.118e-06,0.00300000012
-2.116e-06,0.00293750012
-2.114e-06,0.00297656262
-2.112e-06,0.00307812512
-2.11e-06,0.00305468762
-2.108e-06,0.00298437512
-2.106e-06,0.00302343762
-2.104e-06,0.00307812512
-2.102e-06,0.00292187512
-2.1e-06,0.00293750012
-2.098e-06,0.00297656262
-2.096e-06,0.00303125012
-2.094e-06,0.00303125012
-2.092e-06,0.00292968762
-2.09e-06,0.00295312512
-2.088e-06,0.00293750012
-2.086e-06,0.00300000012
-2.084e-06,0.00282031261
-2.082e-06,0.00296093762
-2.08e-06,0.00310937513
-2.078e-06,0.00295312512
-2.076e-06,0.00299218762
-2.074e-06,0.00295312512
-2.072e-06,0.00295312512
-2.07e-06,0.00296093762
-2.068e-06,0.00282812511
-2.066e-06,0.00300000012
-2.064e-06,0.00299218762
-2.062e-06,0.00292187512
-2.06e-06,0.00285937511
-2.058e-06,0.00307812512
-2.056e-06,0.00293750012
-2.054e-06,0.00304687512
-2.052e-06,0.00296875012
-2.05e-06,0.00302343762
-2.048e-06,0.00309375012
-2.046e-06,0.00294531262
-2.044e-06,0.00307812512
-2.042e-06,0.00280468761
-2.04e-06,0.00297656262
-2.038e-06,0.00291406262
-2.036e-06,0.00302343762
-2.034e-06,0.00289843762
-2.032e-06,0.00298437512
-2.03e-06,0.00307031262
-2.028e-06,0.00294531262
-2.026e-06,0.00310156262
-2.024e-06,0.00300000012
-2.022e-06,0.00300000012
-2.02e-06,0.00292968762
-2.018e-06,0.00294531262
-2.016e-06,0.00303125012
-2.014e-06,0.00307031262
-2.012e-06,0.00304687512
-2.01e-06,0.00295312512
-2.008e-06,0.00292187512
-2.006e-06,0.00291406262
-2.004e-06,0.00295312512
-2.002e-06,0.00300000012
-2e-06,0.00293750012
-1.998e-06,0.00289843762
-1.996e-06,0.00311718763
-1.994e-06,0.00287500011
-1.992e-06,0.00296093762
-1.99e-06,0.00301562512
-1.988e-06,0.00292187512
-1.986e-06,0.00302343762
-1.984e-06,0.00300000012
-1.982e-06,0.00304687512
-1.98e-06,0.00294531262
-1.978e-06,0.00299218762
-1.976e-06,0.00312500013
-1.974e-06,0.00288281261
-1.972e-06,0.00306250012
-1.97e-06,0.00298437512
-1.968e-06,0.00303906262
-1.966e-06,0.00291406262
-1.964e-06,0.00292187512
-1.962e-06,0.00292968762
-1.96e-06,0.00300000012
-1.958e-06,0.00303125012
-1.956e-06,0.00298437512
-1.954e-06,0.00290625012
-1.952e-06,0.00299218762
-1.95e-06,0.00295312512
-1.948e-06,0.00305468762
-1.946e-06,0.00299218762
-1.944e-06,0.00307031262
-1.942e-06,0.00301562512
-1.94e-06,0.00302343762
-1.938e-06,0.00296875012
-1.936e-06,0.00300781262
-1.934e-06,0.00308593762
-1.932e-06,0.00315625013
-1.93e-06,0.00297656262
-1.928e-06,0.00303906262
-1.926e-06,0.00297656262
-1.924e-06,0.00295312512
-1.922e-06,0.00296093762
-1.92e-06,0.00305468762
-1.918e-06,0.00304687512
-1.916e-06,0.00300000012
-1.914e-06,0.00289062511
-1.912e-06,0.00292187512
-1.91e-06,0.00300000012
-1.908e-06,0.00296875012
-1.906e-06,0.00303906262
-1.904e-06,0.00307812512
-1.902e-06,0.00289843762
-1.9e-06,0.00297656262
-1.898e-06,0.00307031262
-1.896e-06,0.00293750012
-1.894e-06,0.00303125012
-1.892e-06,0.00298437512
-1.89e-06,0.00307031262
-1.888e-06,0.00291406262
-1.886e-06,0.00300000012
-1.884e-06,0.00296093762
-1.882e-06,0.00284375011
-1.88e-06,0.00300781262
-1.878e-06,0.00305468762
-1.876e-06,0.00294531262
-1.874e-06,0.00304687512
-1.872e-06,0.00293750012
-1.87e-06,0.00293750012
-1.868e-06,0.00287500011
-1.866e-06,0.00296093762
-1.864e-06,0.00306250012
-1.862e-06,0.00289843762
-1.86e-06,0.00296875012
-1.858e-06,0.00297656262
-1.856e-06,0.00299218762
-1.854e-06,0.00296093762
-1.852e-06,0.00301562512
-1.85e-06,0.00301562512
-1.848e-06,0.00303125012
-1.846e-06,0.00301562512
-1.844e-06,0.00295312512
-1.842e-06,0.00291406262
-1.84e-06,0.00295312512
-1.838e-06,0.00292968762
-1.836e-06,0.00292968762
-1.834e-06,0.00309375012
-1.832e-06,0.00303906262
-1.83e-06,0.00297656262
-1.828e-06,0.00301562512
-1.826e-06,0.00298437512
-1.824e-06,0.00292187512
-1.822e-06,0.00303906262
-1.82e-06,0.00292968762
-1.818e-06,0.00306250012
-1.816e-06,0.00288281261
-1.814e-06,0.00303125012
-1.812e-06,0.00295312512
-1.81e-06,0.00294531262
-1.808e-06,0.00292968762
-1.806e-06,0.00293750012
-1.804e-06,0.00307812512
-1.802e-06,0.00301562512
-1.8e-06,0.00299218762
-1.798e-06,0.00299218762
-1.796e-06,0.00299218762
-1.794e-06,0.00310156262
-1.792e-06,0.00293750012
-1.79e-06,0.00298437512
-1.788e-06,0.00303125012
-1.786e-06,0.00301562512
-1.784e-06,0.00301562512
-1.782e-06,0.00308593762
-1.78e-06,0.00291406262
-1.778e-06,0.00293750012
-1.776e-06,0.00285937511
-1.774e-06,0.00300781262
-1.772e-06,0.00298437512
-1.77e-06,0.00290625012
-1.768e-06,0.00301562512
-1.766e-06,0.00300781262
-1.764e-06,0.00303906262
-1.762e-06,0.00290625012
-1.76e-06,0.00295312512
-1.758e-06,0.00292187512
-1.756e-06,0.00302343762
-1.754e-06,0.00293750012
-1.752e-06,0.00310937513
-1.75e-06,0.00310156262
-1.748e-06,0.00300000012
-1.746e-06,0.00296875012
-1.744e-06,0.00298437512
-1.742e-06,0.00292968762
-1.74e-06,0.00292187512
-1.738e-06,0.00296093762
-1.736e-06,0.00300781262
-1.734e-06,0.00297656262
-1.732e-06,0.00292968762
-1.73e-06,0.00294531262
-1.728e-06,0.00292187512
-1.726e-06,0.00291406262
-1.724e-06,0.00296875012
-1.722e-06,0.00291406262
-1.72e-06,0.00298437512
-1.718e-06,0.00303906262
-1.716e-06,0.00289843762
-1.714e-06,0.00300000012
-1.712e-06,0.00295312512
-1.71e-06,0.00298437512
-1.708e-06,0.00303906262
-1.706e-06,0.00300781262
-1.704e-06,0.00303906262
-1.702e-06,0.00295312512
-1.7e-06,0.00296875012
-1.698e-06,0.00303125012
-1.696e-06,0.00308593762
-1.694e-06,0.00304687512
-1.692e-06,0.00296875012
-1.69e-06,0.00296875012
-1.688e-06,0.00296093762
-1.686e-06,0.00307812512
-1.684e-06,0.00297656262
-1.682e-06,0.00291406262
-1.68e-06,0.00302343762
-1.678e-06,0.00301562512
-1.676e-06,0.00285156261
-1.674e-06,0.00304687512
-1.672e-06,0.00297656262
-1.67e-06,0.00304687512
-1.668e-06,0.00294531262
-1.666e-06,0.00307031262
-1.664e-06,0.00305468762
-1.662e-06,0.00292187512
-1.66e-06,0.00289062511
-1.658e-06,0.00292187512
-1.656e-06,0.00298437512
-1.654e-06,0.00292968762
-1.652e-06,0.00292187512
-1.65e-06,0.00302343762
-1.648e-06,0.00306250012
-1.646e-06,0.00303125012
-1.644e-06,0.00304687512
-1.642e-06,0.00307031262
-1.64e-06,0.00307812512
-1.638e-06,0.00293750012
-1.636e-06,0.00307031262
-1.634e-06,0.00303906262
-1.632e-06,0.00299218762
-1.63e-06,0.00298437512
-1.628e-06,0.00297656262
-1.626e-06,0.00297656262
-1.624e-06,0.00303125012
-1.622e-06,0.00293750012
-1.62e-06,0.00288281261
-1.618e-06,0.00301562512
-1.616e-06,0.00288281261
-1.614e-06,0.00303125012
-1.612e-06,0.00312500013
-1.61e-06,0.00296875012
-1.608e-06,0.00313281263
-1.606e-06,0.00304687512
-1.604e-06,0.00300781262
-1.602e-06,0.00301562512
-1.6e-06,0.00299218762
-1.598e-06,0.00296093762
-1.596e-06,0.00303906262
-1.594e-06,0.00290625012
-1.592e-06,0.00275781261
-1.59e-06,0.00305468762
-1.588e-06,0.00312500013
-1.586e-06,0.00292968762
-1.584e-06,0.00308593762
-1.582e-06,0.00304687512
-1.58e-06,0.00305468762
-1.578e-06,0.00305468762
-1.576e-06,0.00307812512
-1.574e-06,0.00309375012
-1.572e-06,0.00311718763
-1.57e-06,0.00301562512
-1.568e-06,0.00296093762
-1.566e-06,0.00300781262
-1.564e-06,0.00291406262
-1.562e-06,0.00296093762
-1.56e-06,0.00300781262
-1.558e-06,0.00300000012
-1.556e-06,0.00298437512
-1.554e-06,0.00293750012
-1.552e-06,0.00307812512
-1.55e-06,0.00297656262
-1.548e-06,0.00282031261
-1.546e-06,0.00306250012
-1.544e-06,0.00301562512
-1.542e-06,0.00300000012
-1.54e-06,0.00302343762
-1.538e-06,0.00302343762
-1.536e-06,0.00302343762
-1.534e-06,0.00307031262
-1.532e-06,0.00298437512
-1.53e-06,0.00296875012
-1.528e-06,0.00310156262
-1.526e-06,0.00296093762
-1.524e-06,0.00299218762
-1.522e-06,0.00296093762
-1.52e-06,0.00300781262
-1.518e-06,0.00303125012
-1.516e-06,0.00305468762
-1.514e-06,0.00303125012
-1.512e-06,0.00289062511
-1.51e-06,0.00310937513
-1.508e-06,0.00308593762
-1.506e-06,0.00296875012
-1.504e-06,0.00305468762
-1.502e-06,0.00294531262
-1.5e-06,0.00300781262
-1.498e-06,0.00301562512
-1.496e-06,0.00293750012
-1.494e-06,0.00301562512
-1.492e-06,0.00291406262
-1.49e-06,0.00309375012
-1.488e-06,0.00303906262
-1.486e-06,0.00300781262
-1.484e-06,0.00299218762
-1.482e-06,0.00303906262
-1.48e-06,0.00310156262
-1.478e-06,0.00314843763
-1.476e-06,0.00289062511
-1.474e-06,0.00299218762
-1.472e-06,0.00292187512
-1.47e-06,0.00300781262
-1.468e-06,0.00298437512
-1.466e-06,0.00291406262
-1.464e-06,0.00300781262
-1.462e-06,0.00302343762
-1.46e-06,0.00304687512
-1.458e-06,0.00296093762
-1.456e-06,0.00301562512
-1.454e-06,0.00302343762
-1.452e-06,0.00297656262
-1.45e-06,0.00301562512
-1.448e-06,0.00297656262
-1.446e-06,0.00308593762
-1.444e-06,0.00307031262
-1.442e-06,0.00310156262
-1.44e-06,0.00300781262
-1.438e-06,0.00302343762
-1.436e-06,0.00301562512
-1.434e-06,0.00299218762
-1.432e-06,0.00305468762
-1.43e-06,0.00303906262
-1.428e-06,0.00298437512
-1.426e-06,0.00296875012
-1.424e-06,0.00296093762
-1.422e-06,0.00294531262
-1.42e-06,0.00305468762
-1.418e-06,0.00306250012
-1.416e-06,0.00312500013
-1.414e-06,0.00295312512
-1.412e-06,0.00289843762
-1.41e-06,0.00301562512
-1.408e-06,0.00301562512
-1.406e-06,0.00293750012
-1.404e-06,0.00300781262
-1.402e-06,0.00292968762
-1.4e-06,0.00296875012
-1.398e-06,0.00297656262
-1.396e-06,0.00314062513
-1.394e-06,0.00289843762
-1.392e-06,0.00294531262
-1.39e-06,0.00297656262
-1.388e-06,0.00309375012
-1.386e-06,0.00298437512
-1.384e-06,0.00303906262
-1.382e-06,0.00308593762
-1.38e-06,0.00301562512
-1.378e-06,0.00308593762
-1.376e-06,0.00296875012
-1.374e-06,0.00307031262
-1.372e-06,0.00300000012
-1.37e-06,0.00307031262
-1.368e-06,0.00303125012
-1.366e-06,0.00310937513
-1.364e-06,0.00294531262
-1.362e-06,0.00296093762
-1.36e-06,0.00300000012
-1.358e-06,0.00303906262
-1.356e-06,0.00294531262
-1.354e-06,0.00303125012
-1.352e-06,0.00317187513
-1.35e-06,0.00294531262
-1.348e-06,0.00303906262
-1.346e-06,0.00292968762
-1.344e-06,0.00303906262
-1.342e-06,0.00305468762
-1.34e-06,0.00308593762
-1.338e-06,0.00303906262
-1.336e-06,0.00307031262
-1.334e-06,0.00296875012
-1.332e-06,0.00296875012
-1.33e-06,0.00299218762
-1.328e-06,0.00302343762
-1.326e-06,0.00296093762
-1.324e-06,0.00307812512
-1.322e-06,0.00310156262
-1.32e-06,0.00294531262
-1.318e-06,0.00292968762
-1.316e-06,0.00296093762
-1.314e-06,0.00294531262
-1.312e-06,0.00300781262
-1.31e-06,0.00296875012
-1.308e-06,0.00296093762
-1.306e-06,0.00295312512
-1.304e-06,0.00295312512
-1.302e-06,0.00293750012
-1.3e-06,0.00301562512
-1.298e-06,0.00297656262
-1.296e-06,0.00301562512
-1.294e-06,0.00297656262
-1.292e-06,0.00304687512
-1.29e-06,0.00300000012
-1.288e-06,0.00285937511
-1.286e-06,0.00306250012
-1.284e-06,0.00301562512
-1.282e-06,0.00301562512
-1.28e-06,0.00294531262
-1.278e-06,0.00297656262
-1.276e-06,0.00303906262
-1.274e-06,0.00307812512
-1.272e-06,0.00299218762
-1.27e-06,0.00296875012
-1.268e-06,0.00301562512
-1.266e-06,0.00296093762
-1.264e-06,0.00295312512
-1.262e-06,0.00300781262
-1.26e-06,0.00296093762
-1.258e-06,0.00302343762
-1.256e-06,0.00298437512
-1.254e-06,0.00310156262
-1.252e-06,0.00303906262
-1.25e-06,0.00299218762
-1.248e-06,0.00301562512
-1.246e-06,0.00303906262
-1.244e-06,0.00304687512
-1.242e-06,0.00306250012
-1.24e-06,0.00296875012
-1.238e-06,0.00302343762
-1.236e-06,0.00296875012
-1.234e-06,0.00303906262
-1.232e-06,0.00310937513
-1.23e-06,0.00299218762
-1.228e-06,0.00296093762
-1.226e-06,0.00301562512
-1.224e-06,0.00310937513
-1.222e-06,0.00314062513
-1.22e-06,0.00293750012
-1.218e-06,0.00309375012
-1.216e-06,0.00300781262
-1.214e-06,0.00307812512
-1.212e-06,0.00307812512
-1.21e-06,0.00296875012
-1.208e-06,0.00297656262
-1.206e-06,0.00304687512
-1.204e-06,0.00292187512
-1.202e-06,0.00290625012
-1.2e-06,0.00291406262
-1.198e-06,0.00297656262
-1.196e-06,0.00309375012
-1.194e-06,0.00302343762
-1.192e-06,0.00307812512
-1.19e-06,0.00296875012
-1.188e-06,0.00303906262
-1.186e-06,0.00305468762
-1.184e-06,0.00297656262
-1.182e-06,0.00293750012
-1.18e-06,0.00313281263
-1.178e-06,0.00302343762
-1.176e-06,0.00297656262
-1.174e-06,0.00300000012
-1.172e-06,0.00306250012
-1.17e-06,0.00292187512
-1.168e-06,0.00303125012
-1.166e-06,0.00304687512
-1.164e-06,0.00303125012
-1.162e-06,0.00292968762
-1.16e-06,0.00296093762
-1.158e-06,0.00313281263
-1.156e-06,0.00302343762
-1.154e-06,0.00307812512
-1.152e-06,0.00303125012
-1.15e-06,0.00298437512
-1.148e-06,0.00307812512
-1.146e-06,0.00303125012
-1.144e-06,0.00309375012
-1.142e-06,0.00308593762
-1.14e-06,0.00296093762
-1.138e-06,0.00303906262
-1.136e-06,0.00304687512
-1.134e-06,0.00301562512
-1.132e-06,0.00312500013
-1.13e-06,0.00296093762
-1.128e-06,0.00305468762
-1.126e-06,0.00303906262
-1.124e-06,0.00297656262
-1.122e-06,0.00301562512
-1.12e-06,0.00306250012
-1.118e-06,0.00308593762
-1.116e-06,0.00297656262
-1.114e-06,0.00302343762
-1.112e-06,0.00295312512
-1.11e-06,0.00303906262
-1.108e-06,0.00289062511
-1.106e-06,0.00300000012
-1.104e-06,0.00313281263
-1.102e-06,0.00303906262
-1.1e-06,0.00307812512
-1.098e-06,0.00307031262
-1.096e-06,0.00310937513
-1.094e-06,0.00289062511
-1.092e-06,0.00297656262
-1.09e-06,0.00287500011
-1.088e-06,0.00303906262
-1.086e-06,0.00303125012
-1.084e-06,0.00296875012
-1.082e-06,0.00307812512
-1.08e-06,0.00302343762
-1.078e-06,0.00305468762
-1.076e-06,0.00314843763
-1.074e-06,0.00306250012
-1.072e-06,0.00285156261
-1.07e-06,0.00308593762
-1.068e-06,0.00296093762
-1.066e-06,0.00295312512
-1.064e-06,0.00297656262
-1.062e-06,0.00310937513
-1.06e-06,0.00299218762
-1.058e-06,0.00291406262
-1.056e-06,0.00310937513
-1.054e-06,0.00294531262
-1.052e-06,0.00300781262
-1.05e-06,0.00285156261
-1.048e-06,0.00312500013
-1.046e-06,0.00291406262
-1.044e-06,0.00296875012
-1.042e-06,0.00300781262
-1.04e-06,0.00294531262
-1.038e-06,0.00304687512
-1.036e-06,0.00302343762
-1.034e-06,0.00298437512
-1.032e-06,0.00299218762
-1.03e-06,0.00300000012
-1.028e-06,0.00306250012
-1.026e-06,0.00302343762
-1.024e-06,0.00293750012
-1.022e-06,0.00290625012
-1.02e-06,0.00302343762
-1.018e-06,0.00300000012
-1.016e-06,0.00296875012
-1.014e-06,0.00289843762
-1.012e-06,0.00296093762
-1.01e-06,0.00307812512
-1.008e-06,0.00313281263
-1.006e-06,0.00296093762
-1.004e-06,0.00294531262
-1.002e-06,0.00296093762
-1e-06,0.00302343762
-9.98e-07,0.00303125012
-9.96e-07,0.00313281263
-9.94e-07,0.00303906262
-9.92e-07,0.00312500013
-9.9e-07,0.00297656262
-9.88e-07,0.00308593762
-9.86e-07,0.00302343762
-9.84e-07,0.00296875012
-9.82e-07,0.00303906262
-9.8e-07,0.00303125012
-9.78e-07,0.00307812512
-9.76e-07,0.00305468762
-9.74e-07,0.00295312512
-9.72e-07,0.00305468762
-9.7e-07,0.00305468762
-9.68e-07,0.00307031262
-9.66e-07,0.00312500013
-9.64e-07,0.00310156262
-9.62e-07,0.00304687512
-9.6e-07,0.00307812512
-9.58e-07,0.00300781262
-9.56e-07,0.00303125012
-9.54e-07,0.00301562512
-9.52e-07,0.00305468762
-9.5e-07,0.00289843762
-9.48e-07,0.00307031262
-9.46e-07,0.00302343762
-9.44e-07,0.00303125012
-9.42e-07,0.00310156262
-9.4e-07,0.00308593762
-9.38e-07,0.00296093762
-9.36e-07,0.00307812512
-9.34e-07,0.00307031262
-9.32e-07,0.00304687512
-9.3e-07,0.00290625012
-9.28e-07,0.00292968762
-9.26e-07,0.00303125012
-9.24e-07,0.00303906262
-9.22e-07,0.00292187512
-9.2e-07,0.00301562512
-9.18e-07,0.00306250012
-9.16e-07,0.00309375012
-9.14e-07,0.00299218762
-9.12e-07,0.00311718763
-9.1e-07,0.00306250012
-9.08e-07,0.00307812512
-9.06e-07,0.00302343762
-9.04e-07,0.00294531262
-9.02e-07,0.00290625012
-9e-07,0.00301562512
-8.98e-07,0.00303906262
-8.96e-07,0.00302343762
-8.94e-07,0.00307031262
-8.92e-07,0.00300781262
-8.9e-07,0.00306250012
-8.88e-07,0.00295312512
-8.86e-07,0.00305468762
-8.84e-07,0.00296093762
-8.82e-07,0.00293750012
-8.8e-07,0.00307031262
-8.78e-07,0.00302343762
-8.76e-07,0.00302343762
-8.74e-07,0.00306250012
-8.72e-07,0.00300000012
-8.7e-07,0.00307031262
-8.68e-07,0.00298437512
-8.66e-07,0.00292968762
-8.64e-07,0.00305468762
-8.62e-07,0.00306250012
-8.6e-07,0.00308593762
-8.58e-07,0.00300781262
-8.56e-07,0.00301562512
-8.54e-07,0.00309375012
-8.52e-07,0.00294531262
-8.5e-07,0.00304687512
-8.48e-07,0.00297656262
-8.46e-07,0.00300000012
-8.44e-07,0.00306250012
-8.42e-07,0.00295312512
-8.4e-07,0.00301562512
-8.38e-07,0.00300000012
-8.36e-07,0.00302343762
-8.34e-07,0.00314062513
-8.32e-07,0.00300781262
-8.3e-07,0.00313281263
-8.28e-07,0.00297656262
-8.26e-07,0.00307031262
-8.24e-07,0.00312500013
-8.22e-07,0.00300000012
-8.2e-07,0.00305468762
-8.18e-07,0.00296093762
-8.16e-07,0.00289843762
-8.14e-07,0.00300000012
-8.12e-07,0.00310937513
-8.1e-07,0.00304687512
-8.08e-07,0.00300781262
-8.06e-07,0.00310156262
-8.04e-07,0.00310156262
-8.02e-07,0.00288281261
-8e-07,0.00311718763
-7.98e-07,0.00309375012
-7.96e-07,0.00307812512
-7.94e-07,0.00300781262
-7.92e-07,0.00307031262
-7.9e-07,0.00303125012
-7.88e-07,0.00304687512
-7.86e-07,0.00304687512
-7.84e-07,0.00304687512
-7.82e-07,0.00298437512
-7.8e-07,0.00294531262
-7.78e-07,0.00299218762
-7.76e-07,0.00303906262
-7.74e-07,0.00305468762
-7.72e-07,0.00294531262
-7.7e-07,0.00292187512
-7.68e-07,0.00303125012
-7.66e-07,0.00300000012
-7.64e-07,0.00294531262
-7.62e-07,0.00300781262
-7.6e-07,0.00309375012
-7.58e-07,0.00307031262
-7.56e-07,0.00306250012
-7.54e-07,0.00302343762
-7.52e-07,0.00314843763
-7.5e-07,0.00295312512
-7.48e-07,0.00293750012
-7.46e-07,0.00307812512
-7.44e-07,0.00288281261
-7.42e-07,0.00310156262
-7.4e-07,0.00301562512
-7.38e-07,0.00298437512
-7.36e-07,0.00296093762
-7.34e-07,0.00302343762
-7.32e-07,0.00301562512
-7.3e-07,0.00301562512
-7.28e-07,0.00303125012
-7.26e-07,0.00301562512
-7.24e-07,0.00303125012
-7.22e-07,0.00312500013
-7.2e-07,0.00316406263
-7.18e-07,0.00307812512
-7.16e-07,0.00305468762
-7.14e-07,0.00309375012
-7.12e-07,0.00298437512
-7.1e-07,0.00308593762
-7.08e-07,0.00314062513
-7.06e-07,0.00296093762
-7.04e-07,0.00305468762
-7.02e-07,0.00302343762
-7e-07,0.00314843763
-6.98e-07,0.00291406262
-6.96e-07,0.00299218762
-6.94e-07,0.00303906262
-6.92e-07,0.00302343762
-6.9e-07,0.00303125012
-6.88e-07,0.00293750012
-6.86e-07,0.00303906262
-6.84e-07,0.00303125012
-6.82e-07,0.00298437512
-6.8e-07,0.00304687512
-6.78e-07,0.00315625013
-6.76e-07,0.00300781262
-6.74e-07,0.00308593762
-6.72e-07,0.00301562512
-6.7e-07,0.00306250012
-6.68e-07,0.00302343762
-6.66e-07,0.00300000012
-6.64e-07,0.00297656262
-6.62e-07,0.00303125012
-6.6e-07,0.00306250012
-6.58e-07,0.00303125012
-6.56e-07,0.00304687512
-6.54e-07,0.00296875012
-6.52e-07,0.00313281263
-6.5e-07,0.00307031262
-6.48e-07,0.00303125012
-6.46e-07,0.00303906262
-6.44e-07,0.00306250012
-6.42e-07,0.00304687512
-6.4e-07,0.00309375012
-6.38e-07,0.00317187513
-6.36e-07,0.00303906262
-6.34e-07,0.00305468762
-6.32e-07,0.00306250012
-6.3e-07,0.00311718763
-6.28e-07,0.00303125012
-6.26e-07,0.00295312512
-6.24e-07,0.00296093762
-6.22e-07,0.00311718763
-6.2e-07,0.00306250012
-6.18e-07,0.00304687512
-6.16e-07,0.00296093762
-6.14e-07,0.00310937513
-6.12e-07,0.00302343762
-6.1e-07,0.00296875012
-6.08e-07,0.00313281263
-6.06e-07,0.00307031262
-6.04e-07,0.00295312512
-6.02e-07,0.00300000012
-6e-07,0.00301562512
-5.98e-07,0.00296875012
-5.96e-07,0.00316406263
-5.94e-07,0.00312500013
-5.92e-07,0.00310937513
-5.9e-07,0.00300000012
-5.88e-07,0.00296875012
-5.86e-07,0.00307812512
-5.84e-07,0.00307812512
-5.82e-07,0.00306250012
-5.8e-07,0.00308593762
-5.78e-07,0.00309375012
-5.76e-07,0.00307812512
-5.74e-07,0.00301562512
-5.72e-07,0.00300781262
-5.7e-07,0.00310937513
-5.68e-07,0.00307812512
-5.66e-07,0.00310937513
-5.64e-07,0.00304687512
-5.62e-07,0.00303125012
-5.6e-07,0.00307812512
-5.58e-07,0.00311718763
-5.56e-07,0.00307031262
-5.54e-07,0.00310937513
-5.52e-07,0.00299218762
-5.5e-07,0.00314062513
-5.48e-07,0.00303125012
-5.46e-07,0.00305468762
-5.44e-07,0.00306250012
-5.42e-07,0.00293750012
-5.4e-07,0.00299218762
-5.38e-07,0.00310156262
-5.36e-07,0.00307031262
-5.34e-07,0.00306250012
-5.32e-07,0.00300000012
-5.3e-07,0.00306250012
-5.28e-07,0.00298437512
-5.26e-07,0.00309375012
-5.24e-07,0.00306250012
-5.22e-07,0.00298437512
-5.2e-07,0.00315625013
-5.18e-07,0.00297656262
-5.16e-07,0.00310937513
-5.14e-07,0.00312500013
-5.12e-07,0.00296875012
-5.1e-07,0.00303906262
-5.08e-07,0.00300000012
-5.06e-07,0.00302343762
-5.04e-07,0.00305468762
-5.02e-07,0.00314062513
-5e-07,0.00312500013
-4.98e-07,0.00309375012
-4.96e-07,0.00299218762
-4.94e-07,0.00290625012
-4.92e-07,0.00299218762
-4.9e-07,0.00297656262
-4.88e-07,0.00317187513
-4.86e-07,0.00303125012
-4.84e-07,0.00297656262
-4.82e-07,0.00308593762
-4.8e-07,0.00305468762
-4.78e-07,0.00296093762
-4.76e-07,0.00299218762
-4.74e-07,0.00307812512
-4.72e-07,0.00318750013
-4.7e-07,0.00298437512
-4.68e-07,0.00300000012
-4.66e-07,0.00311718763
-4.64e-07,0.00307031262
-4.62e-07,0.00304687512
-4.6e-07,0.00315625013
-4.58e-07,0.00313281263
-4.56e-07,0.00309375012
-4.54e-07,0.00298437512
-4.52e-07,0.00312500013
-4.5e-07,0.00305468762
-4.48e-07,0.00304687512
-4.46e-07,0.00315625013
-4.44e-07,0.00314062513
-4.42e-07,0.00300781262
-4.4e-07,0.00302343762
-4.38e-07,0.00310937513
-4.36e-07,0.00301562512
-4.34e-07,0.00307812512
-4.32e-07,0.00303906262
-4.3e-07,0.00296093762
-4.28e-07,0.00314843763
-4.26e-07,0.00303125012
-4.24e-07,0.00306250012
-4.22e-07,0.00300000012
-4.2e-07,0.00303125012
-4.18e-07,0.00308593762
-4.16e-07,0.00300000012
-4.14e-07,0.00300000012
-4.12e-07,0.00310156262
-4.1e-07,0.00297656262
-4.08e-07,0.00312500013
-4.06e-07,0.00304687512
-4.04e-07,0.00296093762
-4.02e-07,0.00299218762
-4e-07,0.00305468762
-3.98e-07,0.00316406263
-3.96e-07,0.00306250012
-3.94e-07,0.00307812512
-3.92e-07,0.00313281263
-3.9e-07,0.00305468762
-3.88e-07,0.00310156262
-3.86e-07,0.00308593762
-3.84e-07,0.00304687512
-3.82e-07,0.00297656262
-3.8e-07,0.00314062513
-3.78e-07,0.00311718763
-3.76e-07,0.00303125012
-3.74e-07,0.00297656262
-3.72e-07,0.00307031262
-3.7e-07,0.00296875012
-3.68e-07,0.00302343762
-3.66e-07,0.00316406263
-3.64e-07,0.00304687512
-3.62e-07,0.00295312512
-3.6e-07,0.00291406262
-3.58e-07,0.00308593762
-3.56e-07,0.00318750013
-3.54e-07,0.00300781262
-3.52e-07,0.00297656262
-3.5e-07,0.00303906262
-3.48e-07,0.00301562512
-3.46e-07,0.00307812512
-3.44e-07,0.00316406263
-3.42e-07,0.00304687512
-3.4e-07,0.00293750012
-3.38e-07,0.00305468762
-3.36e-07,0.00314843763
-3.34e-07,0.00310156262
-3.32e-07,0.00310937513
-3.3e-07,0.00313281263
-3.28e-07,0.00303906262
-3.26e-07,0.00301562512
-3.24e-07,0.00310937513
-3.22e-07,0.00304687512
-3.2e-07,0.00301562512
-3.18e-07,0.00304687512
-3.16e-07,0.00304687512
-3.14e-07,0.00309375012
-3.12e-07,0.00303906262
-3.1e-07,0.00292968762
-3.08e-07,0.00297656262
-3.06e-07,0.00296093762
-3.04e-07,0.00298437512
-3.02e-07,0.00311718763
-3e-07,0.00307812512
-2.98e-07,0.00290625012
-2.96e-07,0.00301562512
-2.94e-07,0.00295312512
-2.92e-07,0.00300781262
-2.9e-07,0.00312500013
-2.88e-07,0.00303906262
-2.86e-07,0.00297656262
-2.84e-07,0.00310937513
-2.82e-07,0.00305468762
-2.8e-07,0.00314062513
-2.78e-07,0.00313281263
-2.76e-07,0.00302343762
-2.74e-07,0.00300000012
-2.72e-07,0.00303125012
-2.7e-07,0.00307031262
-2.68e-07,0.00310937513
-2.66e-07,0.00297656262
-2.64e-07,0.00302343762
-2.62e-07,0.00305468762
-2.6e-07,0.00307031262
-2.58e-07,0.00312500013
-2.56e-07,0.00307031262
-2.54e-07,0.00313281263
-2.52e-07,0.00297656262
-2.5e-07,0.00308593762
-2.48e-07,0.00305468762
-2.46e-07,0.00308593762
-2.44e-07,0.00306250012
-2.42e-07,0.00309375012
-2.4e-07,0.00289843762
-2.38e-07,0.00304687512
-2.36e-07,0.00303125012
-2.34e-07,0.00303906262
-2.32e-07,0.00297656262
-2.3e-07,0.00310156262
-2.28e-07,0.00302343762
-2.26e-07,0.00300781262
-2.24e-07,0.00303125012
-2.22e-07,0.00313281263
-2.2e-07,0.00300781262
-2.18e-07,0.00316406263
-2.16e-07,0.00308593762
-2.14e-07,0.00308593762
-2.12e-07,0.00301562512
-2.1e-07,0.00305468762
-2.08e-07,0.00310156262
-2.06e-07,0.00310156262
-2.04e-07,0.00309375012
-2.02e-07,0.00307031262
-2e-07,0.00301562512
-1.98e-07,0.00315625013
-1.96e-07,0.00320312513
-1.94e-07,0.00304687512
-1.92e-07,0.00302343762
-1.9e-07,0.00305468762
-1.88e-07,0.00308593762
-1.86e-07,0.00292187512
-1.84e-07,0.00303906262
-1.82e-07,0.00308593762
-1.8e-07,0.00308593762
-1.78e-07,0.00297656262
-1.76e-07,0.00303125012
-1.74e-07,0.00305468762
-1.72e-07,0.00301562512
-1.7e-07,0.00297656262
-1.68e-07,0.00303906262
-1.66e-07,0.00304687512
-1.64e-07,0.00300000012
-1.62e-07,0.00304687512
-1.6e-07,0.00307031262
-1.58e-07,0.00317187513
-1.56e-07,0.00300781262
-1.54e-07,0.00303125012
-1.52e-07,0.00314843763
-1.5e-07,0.00313281263
-1.48e-07,0.00306250012
-1.46e-07,0.00308593762
-1.44e-07,0.00293750012
-1.42e-07,0.00316406263
-1.4e-07,0.00301562512
-1.38e-07,0.00307812512
-1.36e-07,0.00314062513
-1.34e-07,0.00296875012
-1.32e-07,0.00307812512
-1.3e-07,0.00314062513
-1.28e-07,0.00300781262
-1.26e-07,0.00314843763
-1.24e-07,0.00302343762
-1.22e-07,0.00298437512
-1.2e-07,0.00310937513
-1.18e-07,0.00317187513
-1.16e-07,0.00292968762
-1.14e-07,0.00303125012
-1.12e-07,0.00314843763
-1.1e-07,0.00310937513
-1.08e-07,0.00307812512
-1.06e-07,0.00305468762
-1.04e-07,0.00298437512
-1.02e-07,0.00301562512
-1e-07,0.00309375012
-9.8e-08,0.00312500013
-9.6e-08,0.00307812512
-9.4e-08,0.00308593762
-9.2e-08,0.00311718763
-9e-08,0.00311718763
-8.8e-08,0.00302343762
-8.6e-08,0.00321875013
-8.4e-08,0.00309375012
-8.2e-08,0.00302343762
-8e-08,0.00302343762
-7.8e-08,0.00311718763
-7.6e-08,0.00314062513
-7.4e-08,0.00297656262
-7.2e-08,0.00300000012
-7e-08,0.00309375012
-6.8e-08,0.00304687512
-6.6e-08,0.00301562512
-6.4e-08,0.00304687512
-6.2e-08,0.00309375012
-6e-08,0.00306250012
-5.8e-08,0.00308593762
-5.6e-08,0.00298437512
-5.4e-08,0.00293750012
-5.2e-08,0.00316406263
-5e-08,0.00304687512
-4.8e-08,0.00311718763
-4.6e-08,0.00311718763
-4.4e-08,0.00290625012
-4.2e-08,0.00302343762
-4e-08,0.00309375012
-3.8e-08,0.00307031262
-3.6e-08,0.00300000012
-3.4e-08,0.00307812512
-3.2e-08,0.00309375012
-3e-08,0.00289843762
-2.8e-08,0.00303906262
-2.6e-08,0.00314843763
-2.4e-08,0.00307812512
-2.2e-08,0.00306250012
-2e-08,0.00300000012
-1.8e-08,0.00301562512
-1.6e-08,0.00300000012
-1.4e-08,0.00313281263
-1.2e-08,0.00310156262
-1e-08,0.00302343762
-8e-09,0.00314062513
-6e-09,0.00315625013
-4e-09,0.00327343763
-2e-09,0.00360937515
0,0.00946093793
2e-09,0.0654531281
4e-09,0.0786015662
6e-09,0.0670703157
8e-09,0.0568125027
1e-08,0.0602734403
1.2e-08,0.0625781279
1.4e-08,0.031523439
1.6e-08,0.0194687509
1.8e-08,0.0385000018
2e-08,0.0406250019
2.2e-08,0.0346718766
2.4e-08,0.0131171881
2.6e-08,-0.0234453136
2.8e-08,-0.0147109382
3e-08,0.0267265637
3.2e-08,-0.000289062536
3.4e-08,-0.05274219
3.6e-08,-0.00964062548
3.8e-08,0.0170078133
4e-08,-0.0560000027
4.2e-08,-0.0698984408
4.4e-08,-0.0255000012
4.6e-08,-0.0278437513
4.8e-08,-0.0297109389
5e-08,-0.0225078136
5.2e-08,-0.0605625029
5.4e-08,-0.0530468775
5.6e-08,-0.0111093756
5.8e-08,-0.0508281274
6e-08,-0.0726875035
6.2e-08,-0.00650000033
6.4e-08,-0.00214843762
6.6e-08,-0.0538125026
6.8e-08,-0.0329765641
7e-08,-0.00969531298
7.2e-08,-0.0283984389
7.4e-08,-0.0111484381
7.6e-08,-0.00428125023
7.8e-08,-0.0382031268
8e-08,-0.00923437546
8.2e-08,0.0301718764
8.4e-08,-0.0192968759
8.6e-08,-0.0278437513
8.8e-08,0.0305234389
9e-08,0.011476563
9.2e-08,-0.0335546891
9.4e-08,-0.000945312567
9.6e-08,0.020484376
9.8e-08,0.00511718772
1e-07,0.0156093757
1.02e-07,0.00765625034
1.04e-07,-0.0164453133
1.06e-07,0.0046171877
1.08e-07,0.0130703131
1.1e-07,-0.0206171885
1.12e-07,-0.00768750039
1.14e-07,0.0260937512
1.16e-07,0.000226562488
1.18e-07,-0.0227968761
1.2e-07,-0.00655468783
1.22e-07,-0.00562500029
1.24e-07,-0.010804688
1.26e-07,-0.00253906264
1.28e-07,-0.0125390631
1.3e-07,-0.0157265633
1.32e-07,0.00720312532
1.34e-07,0.000335937494
1.36e-07,-0.0274453138
1.38e-07,-0.0126015631
1.4e-07,0.00622656277
1.42e-07,-0.0161250008
1.44e-07,-0.0269375013
1.46e-07,-0.00860937543
1.48e-07,-0.00229687513
1.5e-07,-0.00830468792
1.52e-07,-0.0145078132
1.54e-07,-0.0233750011
1.56e-07,-0.0216015635
1.58e-07,-0.0141953132
1.6e-07,-0.0204921885
1.62e-07,-0.0239140637
1.64e-07,-0.00767187539
1.66e-07,-0.00332812518
1.68e-07,-0.0223906261
1.7e-07,-0.0316718765
1.72e-07,-0.0234296886
1.74e-07,-0.0158906258
1.76e-07,-0.0145703132
1.78e-07,-0.0167031258
1.8e-07,-0.0168515633
1.82e-07,-0.0111875006
1.84e-07,-0.0118046881
1.86e-07,-0.0229531261
1.88e-07,-0.0238281262
1.9e-07,-0.00988281299
1.92e-07,-0.00424218772
1.94e-07,-0.0123750006
1.96e-07,-0.0139843757
1.98e-07,-0.00346093769
2e-07,0.00157031255
2.02e-07,-0.00541406278
2.04e-07,-0.010476563
2.06e-07,-0.00506250026
2.08e-07,0.00159375005
2.1e-07,0.00151562505
2.12e-07,-0.000562500049
2.14e-07,0.00385156266
2.16e-07,0.00962500043
2.18e-07,0.00503125022
2.2e-07,-0.00634375032
2.22e-07,-0.00765625039
2.24e-07,0.00213281258
2.26e-07,0.00739062533
2.28e-07,0.00300781262
2.3e-07,-0.00131250008
2.32e-07,-0.000312500037
2.34e-07,-0.00307031267
2.36e-07,-0.0115781256
2.38e-07,-0.0155156258
2.4e-07,-0.00908593795
2.42e-07,-0.00203906262
2.44e-07,-0.00609375031
2.46e-07,-0.0164375008
2.48e-07,-0.0188984384
2.5e-07,-0.0158359383
2.52e-07,-0.0192500009
2.54e-07,-0.0251562512
2.56e-07,-0.0226484386
2.58e-07,-0.0163515633
2.6e-07,-0.0167265633
2.62e-07,-0.0230781261
2.64e-07,-0.0262343763
2.66e-07,-0.0230078136
2.68e-07,-0.021187501
2.7e-07,-0.0248515637
2.72e-07,-0.0260078138
2.74e-07,-0.0194609384
2.76e-07,-0.0125390631
2.78e-07,-0.0140390632
2.8e-07,-0.0192968759
2.82e-07,-0.0184765634
2.84e-07,-0.0142109382
2.86e-07,-0.0138906257
2.88e-07,-0.0145468757
2.9e-07,-0.00864062543
2.92e-07,0.000273437491
2.94e-07,0.00213281258
2.96e-07,-0.00385156271
2.98e-07,-0.00810156291
3e-07,-0.0037890627
3.02e-07,0.00133593754
3.04e-07,0.00186718757
3.06e-07,0.00244531259
3.08e-07,0.0067578128
3.1e-07,0.00822656287
3.12e-07,0.0025234376
3.14e-07,-0.00286718766
3.16e-07,-0.0015546876
3.18e-07,0.00272656261
3.2e-07,0.00288281261
3.22e-07,-0.000648437553
3.24e-07,-0.00232812513
3.26e-07,-0.000570312549
3.28e-07,-0.0015781251
3.3e-07,-0.00760937538
3.32e-07,-0.0113984381
3.34e-07,-0.00981250049
3.36e-07,-0.00897656295
3.38e-07,-0.0121484381
3.4e-07,-0.0143359382
3.42e-07,-0.0127968756
3.44e-07,-0.0124296881
3.46e-07,-0.0175625009
3.48e-07,-0.0235937511
3.5e-07,-0.0234765636
3.52e-07,-0.0192265634
3.54e-07,-0.0180078134
3.56e-07,-0.020187501
3.58e-07,-0.0207578135
3.6e-07,-0.0192656259
3.62e-07,-0.0206484385
3.64e-07,-0.0240390637
3.66e-07,-0.0238593762
3.68e-07,-0.0188828134
3.7e-07,-0.0151562507
3.72e-07,-0.0156015633
3.74e-07,-0.0168750008
3.76e-07,-0.0153515633
3.78e-07,-0.0129687506
3.8e-07,-0.0130390631
3.82e-07,-0.0133046882
3.84e-07,-0.010226563
3.86e-07,-0.0057890628
3.88e-07,-0.00442187523
3.9e-07,-0.00571875029
3.92e-07,-0.00437500023
3.94e-07,-0.00105468757
3.96e-07,-0.000484375045
3.98e-07,-0.00246093764
4e-07,-0.00266406265
4.02e-07,0.000148437485
4.04e-07,0.00246093759
4.06e-07,0.00185156257
4.08e-07,0.00067968751
4.1e-07,0.000929687522
4.12e-07,0.00067187501
4.14e-07,-0.00217968763
4.16e-07,-0.00453906274
4.18e-07,-0.00278906265
4.2e-07,-8.59375264e-05
4.22e-07,-0.000734375057
4.24e-07,-0.00413281272
4.26e-07,-0.00703125036
4.28e-07,-0.0078671879
4.3e-07,-0.00910156295
4.32e-07,-0.0108593755
4.34e-07,-0.0114765631
4.36e-07,-0.0104218755
4.38e-07,-0.010867188
4.4e-07,-0.0144296882
4.42e-07,-0.0174609384
4.44e-07,-0.0174062508
4.46e-07,-0.0170781258
4.48e-07,-0.0185078134
4.5e-07,-0.0198203135
4.52e-07,-0.0193593759
4.54e-07,-0.0177265634
4.56e-07,-0.0180000009
4.58e-07,-0.019609376
4.6e-07,-0.0197578135
4.62e-07,-0.0185234384
4.64e-07,-0.0182265634
4.66e-07,-0.0185703134
4.68e-07,-0.0172578133
4.7e-07,-0.0141250007
4.72e-07,-0.0125390631
4.74e-07,-0.0135468757
4.76e-07,-0.0146406257
4.78e-07,-0.0133593757
4.8e-07,-0.0110156255
4.82e-07,-0.00947656297
4.84e-07,-0.00845312542
4.86e-07,-0.00627343782
4.88e-07,-0.00397656271
4.9e-07,-0.00442187523
4.92e-07,-0.00546093778
4.94e-07,-0.00476562525
4.96e-07,-0.00244531264
4.98e-07,-0.000687500055
5e-07,-0.000523437547
5.02e-07,-0.00037500004
5.04e-07,0.000484375001
5.06e-07,0.000656250009
5.08e-07,-0.000937500067
5.1e-07,-0.00189843761
5.12e-07,-0.00117187508
5.14e-07,-0.000671875054
5.16e-07,-0.00182031261
5.18e-07,-0.00338281268
5.2e-07,-0.0038359377
5.22e-07,-0.00434375023
5.24e-07,-0.0057578128
5.26e-07,-0.0080156254
5.28e-07,-0.00968750048
5.3e-07,-0.010054688
5.32e-07,-0.0105312505
5.34e-07,-0.0122265631
5.36e-07,-0.0134062507
5.38e-07,-0.0135781257
5.4e-07,-0.0146796882
5.42e-07,-0.0173281258
5.44e-07,-0.0188750009
5.46e-07,-0.0185468759
5.48e-07,-0.0173750008
5.5e-07,-0.0175078134
5.52e-07,-0.0184218759
5.54e-07,-0.0188593759
5.56e-07,-0.0186328134
5.58e-07,-0.0187890634
5.6e-07,-0.0190781259
5.62e-07,-0.0180078134
5.64e-07,-0.0160390633
5.66e-07,-0.0151796882
5.68e-07,-0.0150937507
5.7e-07,-0.0144453132
5.72e-07,-0.0130390631
5.74e-07,-0.0119296881
5.76e-07,-0.0114453131
5.78e-07,-0.0106562505
5.8e-07,-0.00882812544
5.82e-07,-0.00667187534
5.84e-07,-0.00553125029
5.86e-07,-0.00520312527
5.88e-07,-0.00418750022
5.9e-07,-0.00304687517
5.92e-07,-0.00284375016
5.94e-07,-0.00277343765
5.96e-07,-0.00198437512
5.98e-07,-0.000468750045
6e-07,0.000242187489
6.02e-07,-0.000312500037
6.04e-07,-0.00100781257
6.06e-07,-0.00128125008
6.08e-07,-0.0017109376
6.1e-07,-0.00269531265
6.12e-07,-0.00340625018
6.14e-07,-0.00321875018
6.16e-07,-0.00319531267
6.18e-07,-0.00469531275
6.2e-07,-0.00660156284
6.22e-07,-0.00768750039
6.24e-07,-0.00867968793
6.26e-07,-0.00966406298
6.28e-07,-0.010929688
6.3e-07,-0.0116250006
6.32e-07,-0.0121328131
6.34e-07,-0.0131953131
6.36e-07,-0.0147656257
6.38e-07,-0.0159062508
6.4e-07,-0.0163125008
6.42e-07,-0.0168515633
6.44e-07,-0.0174609384
6.46e-07,-0.0178984384
6.48e-07,-0.0176953134
6.5e-07,-0.0172578133
6.52e-07,-0.0176171884
6.54e-07,-0.0179609384
6.56e-07,-0.0177421884
6.58e-07,-0.0170937508
6.6e-07,-0.0164765633
6.62e-07,-0.0155234383
6.64e-07,-0.0143593757
6.66e-07,-0.0129453131
6.68e-07,-0.0124296881
6.7e-07,-0.0121328131
6.72e-07,-0.0116562506
6.74e-07,-0.010210938
6.76e-07,-0.00849218793
6.78e-07,-0.00742968788
6.8e-07,-0.00662500034
6.82e-07,-0.00562500029
6.84e-07,-0.00484375025
6.86e-07,-0.00462500024
6.88e-07,-0.00422656272
6.9e-07,-0.00353125019
6.92e-07,-0.00265625015
6.94e-07,-0.00221093763
6.96e-07,-0.00218750013
6.98e-07,-0.00189843761
7e-07,-0.0017265626
7.02e-07,-0.00200000012
7.04e-07,-0.00269531265
7.06e-07,-0.00319531267
7.08e-07,-0.00334375018
7.1e-07,-0.0036562502
7.12e-07,-0.00424218772
7.14e-07,-0.00507812526
7.16e-07,-0.0057812503
7.18e-07,-0.00667968784
7.2e-07,-0.0080390629
7.22e-07,-0.00917187546
7.24e-07,-0.010054688
7.26e-07,-0.0105312505
7.28e-07,-0.0116328131
7.3e-07,-0.0125546881
7.32e-07,-0.0132968757
7.34e-07,-0.0140468757
7.36e-07,-0.0148906257
7.38e-07,-0.0157734383
7.4e-07,-0.0163828133
7.42e-07,-0.0165390633
7.44e-07,-0.0163437508
7.46e-07,-0.0165859383
7.48e-07,-0.0168515633
7.5e-07,-0.0167031258
7.52e-07,-0.0166640633
7.54e-07,-0.0163906258
7.56e-07,-0.0160156258
7.58e-07,-0.0151484382
7.6e-07,-0.0143203132
7.62e-07,-0.0137734382
7.64e-07,-0.0131562506
7.66e-07,-0.0125234381
7.68e-07,-0.0114375006
7.7e-07,-0.010507813
7.72e-07,-0.00966406298
7.74e-07,-0.00879687544
7.76e-07,-0.00753125038
7.78e-07,-0.00657812533
7.8e-07,-0.0058671878
7.82e-07,-0.00511718777
7.84e-07,-0.00458593774
7.86e-07,-0.00415625022
7.88e-07,-0.00392187521
7.9e-07,-0.00325000018
7.92e-07,-0.00250000014
7.94e-07,-0.00209375012
7.96e-07,-0.00214062512
7.98e-07,-0.00253125014
8e-07,-0.00289843766
8.02e-07,-0.00329687518
8.04e-07,-0.00339843768
8.06e-07,-0.00421093772
8.08e-07,-0.00453906274
8.1e-07,-0.00500000026
8.12e-07,-0.00565625029
8.14e-07,-0.00676562534
8.16e-07,-0.00773437539
8.18e-07,-0.00848437543
8.2e-07,-0.00950000047
8.22e-07,-0.0103906255
8.24e-07,-0.0113203131
8.26e-07,-0.0119531256
8.28e-07,-0.0125625006
8.3e-07,-0.0132265632
8.32e-07,-0.0144062507
8.34e-07,-0.0149531257
8.36e-07,-0.0153125007
8.38e-07,-0.0155625008
8.4e-07,-0.0159140633
8.42e-07,-0.0160781258
8.44e-07,-0.0160078133
8.46e-07,-0.0160781258
8.48e-07,-0.0160078133
8.5e-07,-0.0158046883
8.52e-07,-0.0156093758
8.54e-07,-0.0148906257
8.56e-07,-0.0144453132
8.58e-07,-0.0137812507
8.6e-07,-0.0129687506
8.62e-07,-0.0122734381
8.64e-07,-0.0116093756
8.66e-07,-0.0107031255
8.68e-07,-0.00994531299
8.7e-07,-0.00900781295
8.72e-07,-0.0079218754
8.74e-07,-0.00707031286
8.76e-07,-0.00633593782
8.78e-07,-0.00555468779
8.8e-07,-0.00514843777
8.82e-07,-0.00489843776
8.84e-07,-0.00428906273
8.86e-07,-0.0036875002
8.88e-07,-0.00331250018
8.9e-07,-0.00310937517
8.92e-07,-0.00330468768
8.94e-07,-0.00313281267
8.96e-07,-0.00316406267
8.98e-07,-0.00349218769
9e-07,-0.00404687521
9.02e-07,-0.00465625024
9.04e-07,-0.00484375025
9.06e-07,-0.00533593778
9.08e-07,-0.0059375003
9.1e-07,-0.00651562533
9.12e-07,-0.00736718787
9.14e-07,-0.00827343792
9.16e-07,-0.00904687545
9.18e-07,-0.00991406299
9.2e-07,-0.0105625005
9.22e-07,-0.011070313
9.24e-07,-0.0120156256
9.26e-07,-0.0127578131
9.28e-07,-0.0133593757
9.3e-07,-0.0139921882
9.32e-07,-0.0144296882
9.34e-07,-0.0147812507
9.36e-07,-0.0151015632
9.38e-07,-0.0152031257
9.4e-07,-0.0153281258
9.42e-07,-0.0152187507
9.44e-07,-0.0152421882
9.46e-07,-0.0151953132
9.48e-07,-0.0149218757
9.5e-07,-0.0147265632
9.52e-07,-0.0142421882
9.54e-07,-0.0134687507
9.56e-07,-0.0128906256
9.58e-07,-0.0124531256
9.6e-07,-0.0117109381
9.62e-07,-0.0109375005
9.64e-07,-0.010179688
9.66e-07,-0.00940625047
9.68e-07,-0.00865625043
9.7e-07,-0.00781250039
9.72e-07,-0.00698437535
9.74e-07,-0.00642187533
9.76e-07,-0.0058671878
9.78e-07,-0.00524218777
9.8e-07,-0.00486718775
9.82e-07,-0.00456250024
9.84e-07,-0.00423437522
9.86e-07,-0.00406250022
9.88e-07,-0.0036484377
9.9e-07,-0.00352343769
9.92e-07,-0.0036640627
9.94e-07,-0.00399218771
9.96e-07,-0.00435156273
9.98e-07,-0.00471875025
1e-06,-0.00492968776
1.002e-06,-0.00525781277
1.004e-06,-0.0058671878
1.006e-06,-0.00640625033
1.008e-06,-0.00717187536
1.01e-06,-0.00778906289
1.012e-06,-0.00859375043
1.014e-06,-0.00928906296
1.016e-06,-0.0099531255
1.018e-06,-0.010960938
1.02e-06,-0.0117265631
1.022e-06,-0.0120937506
1.024e-06,-0.0126953131
1.026e-06,-0.0132890632
1.028e-06,-0.0138984382
1.03e-06,-0.0141640632
1.032e-06,-0.0145625007
1.034e-06,-0.0147031257
1.036e-06,-0.0147890632
1.038e-06,-0.0146953132
1.04e-06,-0.0148828132
1.042e-06,-0.0146484382
1.044e-06,-0.0146875007
1.046e-06,-0.0143593757
1.048e-06,-0.0138125007
1.05e-06,-0.0134453132
1.052e-06,-0.0128906256
1.054e-06,-0.0125234381
1.056e-06,-0.0117421881
1.058e-06,-0.0110781255
1.06e-06,-0.010414063
1.062e-06,-0.00958593798
1.064e-06,-0.00898437545
1.066e-06,-0.00812500041
1.068e-06,-0.00745312538
1.07e-06,-0.00696093785
1.072e-06,-0.00632812532
1.074e-06,-0.0058671878
1.076e-06,-0.00557031279
1.078e-06,-0.00521093777
1.08e-06,-0.00492968776
1.082e-06,-0.00450781274
1.084e-06,-0.00433593773
1.086e-06,-0.00418750022
1.088e-06,-0.00421093772
1.09e-06,-0.00444531273
1.092e-06,-0.00462500024
1.094e-06,-0.00483593775
1.096e-06,-0.00514843777
1.098e-06,-0.00562500029
1.1e-06,-0.00610156281
1.102e-06,-0.00660937534
1.104e-06,-0.00707812536
1.106e-06,-0.00761718788
1.108e-06,-0.00839062542
1.11e-06,-0.00902343795
1.112e-06,-0.00982812549
1.114e-06,-0.0104687505
1.116e-06,-0.010976563
1.118e-06,-0.0115625006
1.12e-06,-0.0122812506
1.122e-06,-0.0127421881
1.124e-06,-0.0132031256
1.126e-06,-0.0135390632
1.128e-06,-0.0138593757
1.13e-06,-0.0140312507
1.132e-06,-0.0141640632
1.134e-06,-0.0141953132
1.136e-06,-0.0141875007
1.138e-06,-0.0141562507
1.14e-06,-0.0140781257
1.142e-06,-0.0137578132
1.144e-06,-0.0135312507
1.146e-06,-0.0131953131
1.148e-06,-0.0128984381
1.15e-06,-0.0124453131
1.152e-06,-0.0116093756
1.154e-06,-0.011101563
1.156e-06,-0.010679688
1.158e-06,-0.0100312505
1.16e-06,-0.00914843796
1.162e-06,-0.00860156293
1.164e-06,-0.0078984379
1.166e-06,-0.00728125037
1.168e-06,-0.00685937535
1.17e-06,-0.00645312533
1.172e-06,-0.0059140628
1.174e-06,-0.00570312529
1.176e-06,-0.00539062528
1.178e-06,-0.00503906276
1.18e-06,-0.00497656276
1.182e-06,-0.00479687525
1.184e-06,-0.00478906275
1.186e-06,-0.00485156275
1.188e-06,-0.00489843776
1.19e-06,-0.00511718777
1.192e-06,-0.00541406278
1.194e-06,-0.0057500003
1.196e-06,-0.00621093782
1.198e-06,-0.00643750033
1.2e-06,-0.00689062535
1.202e-06,-0.00742187537
1.204e-06,-0.00810156291
1.206e-06,-0.00865625043
1.208e-06,-0.00930468796
1.21e-06,-0.00993750049
1.212e-06,-0.0104843755
1.214e-06,-0.010976563
1.216e-06,-0.0117109381
1.218e-06,-0.0123359381
1.22e-06,-0.0126250006
1.222e-06,-0.0129140631
1.224e-06,-0.0131718756
1.226e-06,-0.0135468757
1.228e-06,-0.0137265632
1.23e-06,-0.0139218757
1.232e-06,-0.0136875007
1.234e-06,-0.0137265632
1.236e-06,-0.0136328132
1.238e-06,-0.0134843757
1.24e-06,-0.0132343757
1.242e-06,-0.0130390631
1.244e-06,-0.0127656256
1.246e-06,-0.0122187506
1.248e-06,-0.0118046881
1.25e-06,-0.0111718756
1.252e-06,-0.0106718755
1.254e-06,-0.0101406255
1.256e-06,-0.00932031297
1.258e-06,-0.00881250044
1.26e-06,-0.00844531292
1.262e-06,-0.0078671879
1.264e-06,-0.00735156287
1.266e-06,-0.00683593785
1.268e-06,-0.00648437533
1.27e-06,-0.00596875031
1.272e-06,-0.0058984378
1.274e-06,-0.00554687529
1.276e-06,-0.00549218778
1.278e-06,-0.00524218777
1.28e-06,-0.00517187527
1.282e-06,-0.00514843777
1.284e-06,-0.00516406277
1.286e-06,-0.00538281278
1.288e-06,-0.00563281279
1.29e-06,-0.0058593753
1.292e-06,-0.00614062531
1.294e-06,-0.00663281284
1.296e-06,-0.00687500035
1.298e-06,-0.00728906287
1.3e-06,-0.0078593754
1.302e-06,-0.00831250042
1.304e-06,-0.00885156294
1.306e-06,-0.00940625047
1.308e-06,-0.010070313
1.31e-06,-0.010632813
1.312e-06,-0.0111484381
1.314e-06,-0.0114843756
1.316e-06,-0.0120703131
1.318e-06,-0.0124765631
1.32e-06,-0.0127812506
1.322e-06,-0.0130234381
1.324e-06,-0.0132109381
1.326e-06,-0.0133671882
1.328e-06,-0.0132109381
1.33e-06,-0.0132968757
1.332e-06,-0.0132500007
1.334e-06,-0.0132109381
1.336e-06,-0.0130078131
1.338e-06,-0.0127890631
1.34e-06,-0.0125000006
1.342e-06,-0.0122109381
1.344e-06,-0.0117734381
1.346e-06,-0.0114296881
1.348e-06,-0.0107812505
1.35e-06,-0.010320313
1.352e-06,-0.00963281298
1.354e-06,-0.00912500046
1.356e-06,-0.00864062543
1.358e-06,-0.00825781291
1.36e-06,-0.00769531289
1.362e-06,-0.00722656287
1.364e-06,-0.00679687535
1.366e-06,-0.00668750034
1.368e-06,-0.00632031282
1.37e-06,-0.0059453128
1.372e-06,-0.0058046878
1.374e-06,-0.00559375029
1.376e-06,-0.00549218778
1.378e-06,-0.00553906279
1.38e-06,-0.00556250029
1.382e-06,-0.00557031279
1.384e-06,-0.00560156279
1.386e-06,-0.00599218781
1.388e-06,-0.00632031282
1.39e-06,-0.00656250033
1.392e-06,-0.00702343786
1.394e-06,-0.00731250037
1.396e-06,-0.00767187539
1.398e-06,-0.00821093791
1.4e-06,-0.00867968793
1.402e-06,-0.00917968796
1.404e-06,-0.00971875048
1.406e-06,-0.010179688
1.408e-06,-0.010632813
1.41e-06,-0.0111171881
1.412e-06,-0.0115390631
1.414e-06,-0.0120625006
1.416e-06,-0.0123281256
1.418e-06,-0.0125078131
1.42e-06,-0.0125390631
1.422e-06,-0.0128046881
1.424e-06,-0.0129453131
1.426e-06,-0.0130078131
1.428e-06,-0.0130312506
1.43e-06,-0.0127343756
1.432e-06,-0.0127031256
1.434e-06,-0.0125546881
1.436e-06,-0.0125234381
1.438e-06,-0.0119765631
1.44e-06,-0.0117968756
1.442e-06,-0.0112187506
1.444e-06,-0.010742188
1.446e-06,-0.0103437505
1.448e-06,-0.00985937549
1.45e-06,-0.00924218796
1.452e-06,-0.00871875044
1.454e-06,-0.00835937542
1.456e-06,-0.0079375004
1.458e-06,-0.00750000038
1.46e-06,-0.00712500036
1.462e-06,-0.00684375035
1.464e-06,-0.00660937534
1.466e-06,-0.00628125032
1.468e-06,-0.00603906281
1.47e-06,-0.00600000031
1.472e-06,-0.00603906281
1.474e-06,-0.0058671878
1.476e-06,-0.0057578128
1.478e-06,-0.0059140628
1.48e-06,-0.00603125031
1.482e-06,-0.00615625031
1.484e-06,-0.00652343783
1.486e-06,-0.00680468785
1.488e-06,-0.00696093785
1.49e-06,-0.00732031287
1.492e-06,-0.00753125038
1.494e-06,-0.00806250041
1.496e-06,-0.00851562543
1.498e-06,-0.00896875045
1.5e-06,-0.00949218797
1.502e-06,-0.00985156299
1.504e-06,-0.010320313
1.506e-06,-0.010742188
1.508e-06,-0.0112500006
1.51e-06,-0.0114609381
1.512e-06,-0.0118046881
1.514e-06,-0.0121093756
1.516e-06,-0.0123281256
1.518e-06,-0.0126640631
1.52e-06,-0.0125703131
1.522e-06,-0.0125781256
1.524e-06,-0.0126328131
1.526e-06,-0.0125468756
1.528e-06,-0.0124843756
1.53e-06,-0.0124843756
1.532e-06,-0.0121250006
1.534e-06,-0.0120156256
1.536e-06,-0.0114296881
1.538e-06,-0.0111250006
1.54e-06,-0.010835938
1.542e-06,-0.0103906255
1.544e-06,-0.010023438
1.546e-06,-0.00956250048
1.548e-06,-0.00906250045
1.55e-06,-0.00864843793
1.552e-06,-0.00830468792
1.554e-06,-0.0079609379
1.556e-06,-0.00751562538
1.558e-06,-0.00720312536
1.56e-06,-0.00684375035
1.562e-06,-0.00667187534
1.564e-06,-0.00647656283
1.566e-06,-0.00633593782
1.568e-06,-0.00619531282
1.57e-06,-0.00609375031
1.572e-06,-0.00614062531
1.574e-06,-0.00621093782
1.576e-06,-0.00633593782
1.578e-06,-0.00641406283
1.58e-06,-0.00651562533
1.582e-06,-0.00666406284
1.584e-06,-0.00696875035
1.586e-06,-0.00730468787
1.588e-06,-0.00765625039
1.59e-06,-0.0079375004
1.592e-06,-0.00829687542
1.594e-06,-0.00865625043
1.596e-06,-0.00913281296
1.598e-06,-0.00961718798
1.6e-06,-0.0099531255
1.602e-06,-0.0104687505
1.604e-06,-0.010726563
1.606e-06,-0.0109843755
1.608e-06,-0.0114218756
1.61e-06,-0.0116953131
1.612e-06,-0.0116796881
1.614e-06,-0.0118750006
1.616e-06,-0.0121718756
1.618e-06,-0.0122500006
1.62e-06,-0.0123515631
1.622e-06,-0.0122656256
1.624e-06,-0.0121171881
1.626e-06,-0.0121093756
1.628e-06,-0.0118515631
1.63e-06,-0.0117343756
1.632e-06,-0.0114609381
1.634e-06,-0.0111406256
1.636e-06,-0.0108437505
1.638e-06,-0.010398438
1.64e-06,-0.0100000005
1.642e-06,-0.00960937548
1.644e-06,-0.00916406296
1.646e-06,-0.00894531295
1.648e-06,-0.00859375043
1.65e-06,-0.0080546879
1.652e-06,-0.00775781289
1.654e-06,-0.00746093788
1.656e-06,-0.00719531286
1.658e-06,-0.00706250036
1.66e-06,-0.00681250035
1.662e-06,-0.00651562533
1.664e-06,-0.00653125033
1.666e-06,-0.00642187533
1.668e-06,-0.00633593782
1.67e-06,-0.00647656283
1.672e-06,-0.00643750033
1.674e-06,-0.00649218783
1.676e-06,-0.00669531284
1.678e-06,-0.00682031285
1.68e-06,-0.00700781286
1.682e-06,-0.00725781287
1.684e-06,-0.00752343788
1.686e-06,-0.0080000004
1.688e-06,-0.00829687542
1.69e-06,-0.00864062543
1.692e-06,-0.00896093795
1.694e-06,-0.00929687546
1.696e-06,-0.00967187548
1.698e-06,-0.0099843755
1.7e-06,-0.010476563
1.702e-06,-0.0107968755
1.704e-06,-0.0110312505
1.706e-06,-0.0113984381
1.708e-06,-0.0114375006
1.71e-06,-0.0116796881
1.712e-06,-0.0117890631
1.714e-06,-0.0118515631
1.716e-06,-0.0119765631
1.718e-06,-0.0118671881
1.72e-06,-0.0119062506
1.722e-06,-0.0117890631
1.724e-06,-0.0116562506
1.726e-06,-0.0114453131
1.728e-06,-0.011101563
1.73e-06,-0.010914063
1.732e-06,-0.0106406255
1.734e-06,-0.010335938
1.736e-06,-0.0099531255
1.738e-06,-0.00964843798
1.74e-06,-0.00927343796
1.742e-06,-0.00907031295
1.744e-06,-0.00853906293
1.746e-06,-0.00831250042
1.748e-06,-0.00815625041
1.75e-06,-0.0079062504
1.752e-06,-0.00741406287
1.754e-06,-0.00721875037
1.756e-06,-0.00705468786
1.758e-06,-0.00684375035
1.76e-06,-0.00679687535
1.762e-06,-0.00664843784
1.764e-06,-0.00671093784
1.766e-06,-0.00655468783
1.768e-06,-0.00657031283
1.77e-06,-0.00678906284
1.772e-06,-0.00673437534
1.774e-06,-0.00703125036
1.776e-06,-0.00717187536
1.778e-06,-0.00726562537
1.78e-06,-0.00746875038
1.782e-06,-0.00782031289
1.784e-06,-0.00817187541
1.786e-06,-0.00852343793
1.788e-06,-0.00870312544
1.79e-06,-0.00910156295
1.792e-06,-0.00939062547
1.794e-06,-0.00968750048
1.796e-06,-0.0100468755
1.798e-06,-0.010429688
1.8e-06,-0.010695313
1.802e-06,-0.010820313
1.804e-06,-0.0110312505
1.806e-06,-0.0113125006
1.808e-06,-0.0114843756
1.81e-06,-0.0114843756
1.812e-06,-0.0116953131
1.814e-06,-0.0116328131
1.816e-06,-0.0115859381
1.818e-06,-0.0115156256
1.82e-06,-0.0113515631
1.822e-06,-0.0112890631
1.824e-06,-0.0111562506
1.826e-06,-0.0109062505
1.828e-06,-0.0107968755
1.83e-06,-0.010398438
1.832e-06,-0.010148438
1.834e-06,-0.00972656298
1.836e-06,-0.00951562547
1.838e-06,-0.00913281296
1.84e-06,-0.00885156294
1.842e-06,-0.00843750042
1.844e-06,-0.00818750041
1.846e-06,-0.00779687539
1.848e-06,-0.00760156288
1.85e-06,-0.00727343787
1.852e-06,-0.00718750036
1.854e-06,-0.00717968786
1.856e-06,-0.00695312535
1.858e-06,-0.00678125034
1.86e-06,-0.00684375035
1.862e-06,-0.00682031285
1.864e-06,-0.00682812535
1.866e-06,-0.00692968785
1.868e-06,-0.00690625035
1.87e-06,-0.00712500036
1.872e-06,-0.00717968786
1.874e-06,-0.00733593787
1.876e-06,-0.00748437538
1.878e-06,-0.00782031289
1.88e-06,-0.0080078129
1.882e-06,-0.00812500041
1.884e-06,-0.00866406293
1.886e-06,-0.00892968795
1.888e-06,-0.00930468796
1.89e-06,-0.00952343797
1.892e-06,-0.00965625048
1.894e-06,-0.010132813
1.896e-06,-0.010320313
1.898e-06,-0.0105625005
1.9e-06,-0.010835938
1.902e-06,-0.0110000005
1.904e-06,-0.0111640631
1.906e-06,-0.011085938
1.908e-06,-0.0112500006
1.91e-06,-0.0114140631
1.912e-06,-0.0112890631
1.914e-06,-0.0112890631
1.916e-06,-0.0111796881
1.918e-06,-0.011039063
1.92e-06,-0.010914063
1.922e-06,-0.0107968755
1.924e-06,-0.010617188
1.926e-06,-0.010367188
1.928e-06,-0.010117188
1.93e-06,-0.00986718799
1.932e-06,-0.00955468798
1.934e-06,-0.00916406296
1.936e-06,-0.00894531295
1.938e-06,-0.00872656294
1.94e-06,-0.00829687542
1.942e-06,-0.00808593791
1.944e-06,-0.0078828129
1.946e-06,-0.00768750039
1.948e-06,-0.00754687538
1.95e-06,-0.00731250037
1.952e-06,-0.00718750036
1.954e-06,-0.00707031286
1.956e-06,-0.00717187536
1.958e-06,-0.00704687536
1.96e-06,-0.00692968785
1.962e-06,-0.00705468786
1.964e-06,-0.00700781286
1.966e-06,-0.00705468786
1.968e-06,-0.00717968786
1.97e-06,-0.00737500037
1.972e-06,-0.00753906288
1.974e-06,-0.00784375039
1.976e-06,-0.0079765629
1.978e-06,-0.00821875041
1.98e-06,-0.00842187542
1.982e-06,-0.00885156294
1.984e-06,-0.00894531295
1.986e-06,-0.00937500047
1.988e-06,-0.00945312547
1.99e-06,-0.00978906299
1.992e-06,-0.0100937505
1.994e-06,-0.0103281255
1.996e-06,-0.0104687505
1.998e-06,-0.0105625005
2e-06,-0.010773438
2.002e-06,-0.010929688
2.004e-06,-0.0110468755
2.006e-06,-0.0110312505
2.008e-06,-0.0110468755
2.01e-06,-0.011007813
2.012e-06,-0.0109843755
2.014e-06,-0.0109062505
2.016e-06,-0.010789063
2.018e-06,-0.0107031255
2.02e-06,-0.0104531255
2.022e-06,-0.0103437505
2.024e-06,-0.0100312505
2.026e-06,-0.00985937549
2.028e-06,-0.00962500048
2.03e-06,-0.00942968797
2.032e-06,-0.00903125045
2.034e-06,-0.00877343794
2.036e-06,-0.00860156293
2.038e-06,-0.00838281292
2.04e-06,-0.0080312504
2.042e-06,-0.00776562539
2.044e-06,-0.00760937538
2.046e-06,-0.00737500037
2.048e-06,-0.00728906287
2.05e-06,-0.00729687537
2.052e-06,-0.00721875037
2.054e-06,-0.00714062536
2.056e-06,-0.00706250036
2.058e-06,-0.00712500036
2.06e-06,-0.00723437537
2.062e-06,-0.00721875037
2.064e-06,-0.00731250037
2.066e-06,-0.00745312538
2.068e-06,-0.00749218788
2.07e-06,-0.00772656289
2.072e-06,-0.0079609379
2.074e-06,-0.00817968791
2.076e-06,-0.00836718792
2.078e-06,-0.00860156293
2.08e-06,-0.00872656294
2.082e-06,-0.00907031295
2.084e-06,-0.00934375047
2.086e-06,-0.00946093797
2.088e-06,-0.00965625048
2.09e-06,-0.010023438
2.092e-06,-0.0101718755
2.094e-06,-0.0103593755
2.096e-06,-0.0105312505
2.098e-06,-0.0106875005
2.1e-06,-0.010726563
2.102e-06,-0.0107968755
2.104e-06,-0.0107500005
2.106e-06,-0.0107968755
2.108e-06,-0.0108437505
2.11e-06,-0.0107500005
2.112e-06,-0.0105781255
2.114e-06,-0.010601563
2.116e-06,-0.0104062505
2.118e-06,-0.010273438
2.12e-06,-0.0100468755
2.122e-06,-0.00981250049
2.124e-06,-0.00951562547
2.126e-06,-0.00925000046
2.128e-06,-0.00910156295
2.13e-06,-0.00884375044
2.132e-06,-0.00862500043
2.134e-06,-0.00840625042
2.136e-06,-0.00827343792
2.138e-06,-0.0079921879
2.14e-06,-0.00778125039
2.142e-06,-0.00781250039
2.144e-06,-0.00750000038
2.146e-06,-0.00749218788
2.148e-06,-0.00738281287
2.15e-06,-0.00729687537
2.152e-06,-0.00718750036
2.154e-06,-0.00732812537
2.156e-06,-0.00722656287
2.158e-06,-0.00741406287
2.16e-06,-0.00741406287
2.162e-06,-0.00756250038
2.164e-06,-0.00764062539
2.166e-06,-0.00782031289
2.168e-06,-0.0079218754
2.17e-06,-0.00811718791
2.172e-06,-0.00834375042
2.174e-06,-0.00845312542
2.176e-06,-0.00874218794
2.178e-06,-0.00879687544
2.18e-06,-0.00926562546
2.182e-06,-0.00939062547
2.184e-06,-0.00953906298
2.186e-06,-0.00988281299
2.188e-06,-0.0099843755
2.19e-06,-0.010210938
2.192e-06,-0.0102500005
2.194e-06,-0.010351563
2.196e-06,-0.0104375005
2.198e-06,-0.010585938
2.2e-06,-0.0105312505
2.202e-06,-0.010492188
2.204e-06,-0.0105625005
2.206e-06,-0.010695313
2.208e-06,-0.010492188
2.21e-06,-0.0104062505
2.212e-06,-0.0103281255
2.214e-06,-0.0100781255
2.216e-06,-0.010007813
2.218e-06,-0.00978906299
2.22e-06,-0.00954687548
2.222e-06,-0.00927343796
2.224e-06,-0.00916406296
2.226e-06,-0.00883593794
2.228e-06,-0.00874218794
2.23e-06,-0.00849218793
2.232e-06,-0.00834375042
2.234e-06,-0.00821093791
2.236e-06,-0.0080312504
2.238e-06,-0.0079531254
2.24e-06,-0.00783593789
2.242e-06,-0.00753906288
2.244e-06,-0.00743750038
2.246e-06,-0.00737500037
2.248e-06,-0.00739843787
2.25e-06,-0.00748437538
2.252e-06,-0.00737500037
2.254e-06,-0.00746093788
2.256e-06,-0.00745312538
2.258e-06,-0.00747656288
2.26e-06,-0.00763281288
2.262e-06,-0.00781250039
2.264e-06,-0.00771875039
2.266e-06,-0.00814062541
2.268e-06,-0.00831250042
2.27e-06,-0.00841406292
2.272e-06,-0.00856250043
2.274e-06,-0.00866406293
2.276e-06,-0.00903906295
2.278e-06,-0.00911718796
2.28e-06,-0.00938281297
2.282e-06,-0.00958593798
2.284e-06,-0.00973437548
2.286e-06,-0.00991406299
2.288e-06,-0.009992188
2.29e-06,-0.010117188
2.292e-06,-0.0102812505
2.294e-06,-0.0103593755
2.296e-06,-0.010445313
2.298e-06,-0.010429688
2.3e-06,-0.010445313
2.302e-06,-0.010320313
2.304e-06,-0.010320313
2.306e-06,-0.010382813
2.308e-06,-0.010117188
2.31e-06,-0.00993750049
2.312e-06,-0.00978906299
2.314e-06,-0.00959375048
2.316e-06,-0.00958593798
2.318e-06,-0.00939843797
2.32e-06,-0.00925000046
2.322e-06,-0.00896093795
2.324e-06,-0.00871875044
2.326e-06,-0.00864843793
2.328e-06,-0.00851562543
2.33e-06,-0.00817187541
2.332e-06,-0.00817968791
2.334e-06,-0.0080156254
2.336e-06,-0.0078671879
2.338e-06,-0.00778125039
2.34e-06,-0.00761718788
2.342e-06,-0.00767187539
2.344e-06,-0.00750000038
2.346e-06,-0.00744531288
2.348e-06,-0.00757812538
2.35e-06,-0.00761718788
2.352e-06,-0.00756250038
2.354e-06,-0.00759375038
2.356e-06,-0.00766406289
2.358e-06,-0.0079609379
2.36e-06,-0.0079296879
2.362e-06,-0.00821093791
2.364e-06,-0.00825000041
2.366e-06,-0.00851562543
2.368e-06,-0.00863281293
2.37e-06,-0.00853906293
2.372e-06,-0.00889062544
2.374e-06,-0.00899218795
2.376e-06,-0.00921093796
2.378e-06,-0.00923437546
2.38e-06,-0.00957812548
2.382e-06,-0.00975000049
2.384e-06,-0.00989843799
2.386e-06,-0.0099531255
2.388e-06,-0.010179688
2.39e-06,-0.010164063
2.392e-06,-0.0102812505
2.394e-06,-0.010164063
2.396e-06,-0.0102968755
2.398e-06,-0.010335938
2.4e-06,-0.0102500005
2.402e-06,-0.010054688
2.404e-06,-0.0099531255
2.406e-06,-0.010007813
2.408e-06,-0.00982812549
2.41e-06,-0.00960937548
2.412e-06,-0.00946875047
2.414e-06,-0.00926562546
2.416e-06,-0.00915625046
2.418e-06,-0.00904687545
2.42e-06,-0.00876562544
2.422e-06,-0.00878125044
2.424e-06,-0.00857031293
2.426e-06,-0.00841406292
2.428e-06,-0.00827343792
2.43e-06,-0.00808593791
2.432e-06,-0.0080000004
2.434e-06,-0.00775000039
2.436e-06,-0.00780468789
2.438e-06,-0.00773437539
2.44e-06,-0.00755468788
2.442e-06,-0.00763281288
2.444e-06,-0.00762500038
2.446e-06,-0.00754687538
2.448e-06,-0.00766406289
2.45e-06,-0.00764062539
2.452e-06,-0.00782031289
2.454e-06,-0.0078750004
2.456e-06,-0.0080390629
2.458e-06,-0.0079687504
2.46e-06,-0.00821875041
2.462e-06,-0.00826562541
2.464e-06,-0.00841406292
2.466e-06,-0.00864062543
2.468e-06,-0.00883593794
2.47e-06,-0.00892968795
2.472e-06,-0.00917187546
2.474e-06,-0.00920312546
2.476e-06,-0.00933593797
2.478e-06,-0.00950781297
2.48e-06,-0.00960156298
2.482e-06,-0.00981250049
2.484e-06,-0.00978125049
2.486e-06,-0.00985937549
2.488e-06,-0.00986718799
2.49e-06,-0.00993750049
2.492e-06,-0.010007813
2.494e-06,-0.00985156299
2.496e-06,-0.0099843755
2.498e-06,-0.00983593799
