-2.5e-06,0.00282031261
-2.498e-06,0.00281250011
-2.496e-06,0.00291406262
-2.494e-06,0.00280468761
-2.492e-06,0.00289062511
-2.49e-06,0.00279687511
-2.488e-06,0.00283593761
-2.486e-06,0.00275000011
-2.484e-06,0.00298437512
-2.482e-06,0.00277343761
-2.48e-06,0.00284375011
-2.478e-06,0.00285156261
-2.476e-06,0.00286718761
-2.474e-06,0.00280468761
-2.472e-06,0.00280468761
-2.47e-06,0.00285937511
-2.468e-06,0.00283593761
-2.466e-06,0.00275781261
-2.464e-06,0.00287500011
-2.462e-06,0.00290625012
-2.46e-06,0.00278906261
-2.458e-06,0.00280468761
-2.456e-06,0.00289843762
-2.454e-06,0.00293750012
-2.452e-06,0.00286718761
-2.45e-06,0.00291406262
-2.448e-06,0.00282031261
-2.446e-06,0.00283593761
-2.444e-06,0.00284375011
-2.442e-06,0.00291406262
-2.44e-06,0.00282812511
-2.438e-06,0.00287500011
-2.436e-06,0.00278906261
-2.434e-06,0.00280468761
-2.432e-06,0.00284375011
-2.43e-06,0.00277343761
-2.428e-06,0.00291406262
-2.426e-06,0.00278906261
-2.424e-06,0.00280468761
-2.422e-06,0.00279687511
-2.42e-06,0.00283593761
-2.418e-06,0.00285937511
-2.416e-06,0.00281250011
-2.414e-06,0.00290625012
-2.412e-06,0.00282031261
-2.41e-06,0.00282812511
-2.408e-06,0.00289062511
-2.406e-06,0.00279687511
-2.404e-06,0.00289843762
-2.402e-06,0.00290625012
-2.4e-06,0.00285156261
-2.398e-06,0.00286718761
-2.396e-06,0.00290625012
-2.394e-06,0.00291406262
-2.392e-06,0.00282812511
-2.39e-06,0.00282812511
-2.388e-06,0.00281250011
-2.386e-06,0.00288281261
-2.384e-06,0.00282812511
-2.382e-06,0.00285937511
-2.38e-06,0.00295312512
-2.378e-06,0.00280468761
-2.376e-06,0.00284375011
-2.374e-06,0.00284375011
-2.372e-06,0.00281250011
-2.37e-06,0.00287500011
-2.368e-06,0.00278906261
-2.366e-06,0.00282031261
-2.364e-06,0.00287500011
-2.362e-06,0.00286718761
-2.36e-06,0.00282812511
-2.358e-06,0.00284375011
-2.356e-06,0.00287500011
-2.354e-06,0.00282031261
-2.352e-06,0.00282812511
-2.35e-06,0.00279687511
-2.348e-06,0.00286718761
-2.346e-06,0.00281250011
-2.344e-06,0.00296093762
-2.342e-06,0.00285937511
-2.34e-06,0.00286718761
-2.338e-06,0.00284375011
-2.336e-06,0.00281250011
-2.334e-06,0.00288281261
-2.332e-06,0.00292187512
-2.33e-06,0.00286718761
-2.328e-06,0.00292968762
-2.326e-06,0.00278125011
-2.324e-06,0.00285937511
-2.322e-06,0.00284375011
-2.32e-06,0.00289062511
-2.318e-06,0.00285937511
-2.316e-06,0.00276562511
-2.314e-06,0.00285156261
-2.312e-06,0.00282031261
-2.31e-06,0.00283593761
-2.308e-06,0.00277343761
-2.306e-06,0.00288281261
-2.304e-06,0.00276562511
-2.302e-06,0.00291406262
-2.3e-06,0.00288281261
-2.298e-06,0.00282031261
-2.296e-06,0.00282812511
-2.294e-06,0.00286718761
-2.292e-06,0.00286718761
-2.29e-06,0.00285937511
-2.288e-06,0.00275000011
-2.286e-06,0.00282031261
-2.284e-06,0.00281250011
-2.282e-06,0.00274218761
-2.28e-06,0.00293750012
-2.278e-06,0.00277343761
-2.276e-06,0.00285156261
-2.274e-06,0.00282812511
-2.272e-06,0.00286718761
-2.27e-06,0.00284375011
-2.268e-06,0.00296875012
-2.266e-06,0.00283593761
-2.264e-06,0.00279687511
-2.262e-06,0.00279687511
-2.26e-06,0.00286718761
-2.258e-06,0.00296093762
-2.256e-06,0.00278906261
-2.254e-06,0.00283593761
-2.252e-06,0.00280468761
-2.25e-06,0.00289062511
-2.248e-06,0.00282812511
-2.246e-06,0.00289062511
-2.244e-06,0.00288281261
-2.242e-06,0.00280468761
-2.24e-06,0.00285156261
-2.238e-06,0.00282812511
-2.236e-06,0.00287500011
-2.234e-06,0.00279687511
-2.232e-06,0.00291406262
-2.23e-06,0.00286718761
-2.228e-06,0.00286718761
-2.226e-06,0.00278906261
-2.224e-06,0.00281250011
-2.222e-06,0.00289062511
-2.22e-06,0.00289843762
-2.218e-06,0.00289843762
-2.216e-06,0.00280468761
-2.214e-06,0.00278125011
-2.212e-06,0.00281250011
-2.21e-06,0.00290625012
-2.208e-06,0.00288281261
-2.206e-06,0.00287500011
-2.204e-06,0.00282812511
-2.202e-06,0.00275000011
-2.2e-06,0.00276562511
-2.198e-06,0.00284375011
-2.196e-06,0.00281250011
-2.194e-06,0.00282031261
-2.192e-06,0.00288281261
-2.19e-06,0.00285156261
-2.188e-06,0.00280468761
-2.186e-06,0.00289843762
-2.184e-06,0.00289843762
-2.182e-06,0.00287500011
-2.18e-06,0.00281250011
-2.178e-06,0.00273437511
-2.176e-06,0.00298437512
-2.174e-06,0.00286718761
-2.172e-06,0.00290625012
-2.17e-06,0.00282031261
-2.168e-06,0.00282812511
-2.166e-06,0.00280468761
-2.164e-06,0.00278906261
-2.162e-06,0.00286718761
-2.16e-06,0.00285156261
-2.158e-06,0.00282031261
-2.156e-06,0.00285937511
-2.154e-06,0.00278906261
-2.152e-06,0.00289062511
-2.15e-06,0.00290625012
-2.148e-06,0.00283593761
-2.146e-06,0.00289062511
-2.144e-06,0.00289843762
-2.142e-06,0.00292968762
-2.14e-06,0.00289843762
-2.138e-06,0.00292187512
-2.136e-06,0.00282031261
-2.134e-06,0.00282031261
-2.132e-06,0.00282031261
-2.13e-06,0.00285937511
-2.128e-06,0.00279687511
-2.126e-06,0.00279687511
-2.124e-06,0.00285937511
-2.122e-06,0.00292968762
-2.12e-06,0.00280468761
-2.118e-06,0.00286718761
-2.116e-06,0.00298437512
-2.114e-06,0.00283593761
-2.112e-06,0.00285937511
-2.11e-06,0.00282812511
-2.108e-06,0.00288281261
-2.106e-06,0.00282812511
-2.104e-06,0.00275781261
-2.102e-06,0.00284375011
-2.1e-06,0.00285156261
-2.098e-06,0.00289062511
-2.096e-06,0.00291406262
-2.094e-06,0.00280468761
-2.092e-06,0.00289843762
-2.09e-06,0.00282812511
-2.088e-06,0.00289843762
-2.086e-06,0.00292187512
-2.084e-06,0.00283593761
-2.082e-06,0.00284375011
-2.08e-06,0.00285937511
-2.078e-06,0.00291406262
-2.076e-06,0.00281250011
-2.074e-06,0.00289062511
-2.072e-06,0.00292968762
-2.07e-06,0.00285156261
-2.068e-06,0.00290625012
-2.066e-06,0.00283593761
-2.064e-06,0.00283593761
-2.062e-06,0.00296093762
-2.06e-06,0.00285937511
-2.058e-06,0.00288281261
-2.056e-06,0.00292187512
-2.054e-06,0.00282031261
-2.052e-06,0.00293750012
-2.05e-06,0.00283593761
-2.048e-06,0.00292187512
-2.046e-06,0.00286718761
-2.044e-06,0.00284375011
-2.042e-06,0.00289843762
-2.04e-06,0.00292187512
-2.038e-06,0.00286718761
-2.036e-06,0.00292187512
-2.034e-06,0.00278906261
-2.032e-06,0.00288281261
-2.03e-06,0.00281250011
-2.028e-06,0.00282031261
-2.026e-06,0.00289843762
-2.024e-06,0.00282812511
-2.022e-06,0.00284375011
-2.02e-06,0.00289843762
-2.018e-06,0.00278125011
-2.016e-06,0.00289843762
-2.014e-06,0.00296875012
-2.012e-06,0.00289062511
-2.01e-06,0.00280468761
-2.008e-06,0.00282812511
-2.006e-06,0.00289843762
-2.004e-06,0.00289062511
-2.002e-06,0.00286718761
-2e-06,0.00276562511
-1.998e-06,0.00279687511
-1.996e-06,0.00278906261
-1.994e-06,0.00278906261
-1.992e-06,0.00285156261
-1.99e-06,0.00275781261
-1.988e-06,0.00289062511
-1.986e-06,0.00293750012
-1.984e-06,0.00280468761
-1.982e-06,0.00295312512
-1.98e-06,0.00278125011
-1.978e-06,0.00284375011
-1.976e-06,0.00283593761
-1.974e-06,0.00288281261
-1.972e-06,0.00282812511
-1.97e-06,0.00288281261
-1.968e-06,0.00284375011
-1.966e-06,0.00283593761
-1.964e-06,0.00282031261
-1.962e-06,0.00283593761
-1.96e-06,0.00291406262
-1.958e-06,0.00289843762
-1.956e-06,0.00294531262
-1.954e-06,0.00292968762
-1.952e-06,0.00278125011
-1.95e-06,0.00288281261
-1.948e-06,0.00284375011
-1.946e-06,0.00286718761
-1.944e-06,0.00291406262
-1.942e-06,0.00296875012
-1.94e-06,0.00285937511
-1.938e-06,0.00285156261
-1.936e-06,0.00293750012
-1.934e-06,0.00283593761
-1.932e-06,0.00285937511
-1.93e-06,0.00291406262
-1.928e-06,0.00291406262
-1.926e-06,0.00289062511
-1.924e-06,0.00279687511
-1.922e-06,0.00289843762
-1.92e-06,0.00283593761
-1.918e-06,0.00286718761
-1.916e-06,0.00284375011
-1.914e-06,0.00280468761
-1.912e-06,0.00282812511
-1.91e-06,0.00289843762
-1.908e-06,0.00282031261
-1.906e-06,0.00288281261
-1.904e-06,0.00283593761
-1.902e-06,0.00283593761
-1.9e-06,0.00283593761
-1.898e-06,0.00291406262
-1.896e-06,0.00288281261
-1.894e-06,0.00289062511
-1.892e-06,0.00291406262
-1.89e-06,0.00275000011
-1.888e-06,0.00285156261
-1.886e-06,0.00285156261
-1.884e-06,0.00296875012
-1.882e-06,0.00285937511
-1.88e-06,0.00289843762
-1.878e-06,0.00283593761
-1.876e-06,0.00285156261
-1.874e-06,0.00293750012
-1.872e-06,0.00287500011
-1.87e-06,0.00291406262
-1.868e-06,0.00289062511
-1.866e-06,0.00286718761
-1.864e-06,0.00288281261
-1.862e-06,0.00282812511
-1.86e-06,0.00278125011
-1.858e-06,0.00288281261
-1.856e-06,0.00287500011
-1.854e-06,0.00283593761
-1.852e-06,0.00288281261
-1.85e-06,0.00290625012
-1.848e-06,0.00292968762
-1.846e-06,0.00283593761
-1.844e-06,0.00286718761
-1.842e-06,0.00282812511
-1.84e-06,0.00289843762
-1.838e-06,0.00287500011
-1.836e-06,0.00282031261
-1.834e-06,0.00285937511
-1.832e-06,0.00283593761
-1.83e-06,0.00280468761
-1.828e-06,0.00282031261
-1.826e-06,0.00282031261
-1.824e-06,0.00291406262
-1.822e-06,0.00275781261
-1.82e-06,0.00285937511
-1.818e-06,0.00288281261
-1.816e-06,0.00275000011
-1.814e-06,0.00283593761
-1.812e-06,0.00283593761
-1.81e-06,0.00275781261
-1.808e-06,0.00289843762
-1.806e-06,0.00283593761
-1.804e-06,0.00291406262
-1.802e-06,0.00289062511
-1.8e-06,0.00286718761
-1.798e-06,0.00285937511
-1.796e-06,0.00290625012
-1.794e-06,0.00284375011
-1.792e-06,0.00291406262
-1.79e-06,0.00286718761
-1.788e-06,0.00294531262
-1.786e-06,0.00294531262
-1.784e-06,0.00297656262
-1.782e-06,0.00296875012
-1.78e-06,0.00282812511
-1.778e-06,0.00275781261
-1.776e-06,0.00280468761
-1.774e-06,0.00288281261
-1.772e-06,0.00285156261
-1.77e-06,0.00290625012
-1.768e-06,0.00285937511
-1.766e-06,0.00284375011
-1.764e-06,0.00285156261
-1.762e-06,0.00280468761
-1.76e-06,0.00278125011
-1.758e-06,0.00288281261
-1.756e-06,0.00287500011
-1.754e-06,0.00294531262
-1.752e-06,0.00278906261
-1.75e-06,0.00292968762
-1.748e-06,0.00289843762
-1.746e-06,0.00287500011
-1.744e-06,0.00289843762
-1.742e-06,0.00292968762
-1.74e-06,0.00286718761
-1.738e-06,0.00287500011
-1.736e-06,0.00284375011
-1.734e-06,0.00272656261
-1.732e-06,0.00285937511
-1.73e-06,0.00285937511
-1.728e-06,0.00289062511
-1.726e-06,0.00278125011
-1.724e-06,0.00279687511
-1.722e-06,0.00296093762
-1.72e-06,0.00289062511
-1.718e-06,0.00283593761
-1.716e-06,0.00295312512
-1.714e-06,0.00282812511
-1.712e-06,0.00285156261
-1.71e-06,0.00290625012
-1.708e-06,0.00287500011
-1.706e-06,0.00287500011
-1.704e-06,0.00278125011
-1.702e-06,0.00284375011
-1.7e-06,0.00283593761
-1.698e-06,0.00289843762
-1.696e-06,0.00279687511
-1.694e-06,0.00288281261
-1.692e-06,0.00288281261
-1.69e-06,0.00282812511
-1.688e-06,0.00297656262
-1.686e-06,0.00295312512
-1.684e-06,0.00285937511
-1.682e-06,0.00288281261
-1.68e-06,0.00282812511
-1.678e-06,0.00275781261
-1.676e-06,0.00288281261
-1.674e-06,0.00290625012
-1.672e-06,0.00289843762
-1.67e-06,0.00290625012
-1.668e-06,0.00288281261
-1.666e-06,0.00289843762
-1.664e-06,0.00290625012
-1.662e-06,0.00292968762
-1.66e-06,0.00285156261
-1.658e-06,0.00288281261
-1.656e-06,0.00288281261
-1.654e-06,0.00290625012
-1.652e-06,0.00288281261
-1.65e-06,0.00285937511
-1.648e-06,0.00296093762
-1.646e-06,0.00289062511
-1.644e-06,0.00287500011
-1.642e-06,0.00278906261
-1.64e-06,0.00275781261
-1.638e-06,0.00279687511
-1.636e-06,0.00286718761
-1.634e-06,0.00285156261
-1.632e-06,0.00282031261
-1.63e-06,0.00279687511
-1.628e-06,0.00282812511
-1.626e-06,0.00300781262
-1.624e-06,0.00286718761
-1.622e-06,0.00289062511
-1.62e-06,0.00292968762
-1.618e-06,0.00289843762
-1.616e-06,0.00284375011
-1.614e-06,0.00288281261
-1.612e-06,0.00289062511
-1.61e-06,0.00300781262
-1.608e-06,0.00291406262
-1.606e-06,0.00292187512
-1.604e-06,0.00282031261
-1.602e-06,0.00285156261
-1.6e-06,0.00289062511
-1.598e-06,0.00289062511
-1.596e-06,0.00283593761
-1.594e-06,0.00283593761
-1.592e-06,0.00283593761
-1.59e-06,0.00288281261
-1.588e-06,0.00285156261
-1.586e-06,0.00282031261
-1.584e-06,0.00278125011
-1.582e-06,0.00287500011
-1.58e-06,0.00283593761
-1.578e-06,0.00281250011
-1.576e-06,0.00285937511
-1.574e-06,0.00289062511
-1.572e-06,0.00292968762
-1.57e-06,0.00285937511
-1.568e-06,0.00289062511
-1.566e-06,0.00289062511
-1.564e-06,0.00286718761
-1.562e-06,0.00285156261
-1.56e-06,0.00292968762
-1.558e-06,0.00284375011
-1.556e-06,0.00277343761
-1.554e-06,0.00279687511
-1.552e-06,0.00279687511
-1.55e-06,0.00289843762
-1.548e-06,0.00284375011
-1.546e-06,0.00291406262
-1.544e-06,0.00284375011
-1.542e-06,0.00285156261
-1.54e-06,0.00291406262
-1.538e-06,0.00288281261
-1.536e-06,0.00292968762
-1.534e-06,0.00292187512
-1.532e-06,0.00283593761
-1.53e-06,0.00289843762
-1.528e-06,0.00280468761
-1.526e-06,0.00289062511
-1.524e-06,0.00275781261
-1.522e-06,0.00288281261
-1.52e-06,0.00282812511
-1.518e-06,0.00287500011
-1.516e-06,0.00294531262
-1.514e-06,0.00292187512
-1.512e-06,0.00287500011
-1.51e-06,0.00278125011
-1.508e-06,0.00281250011
-1.506e-06,0.00288281261
-1.504e-06,0.00292968762
-1.502e-06,0.00287500011
-1.5e-06,0.00289062511
-1.498e-06,0.00285156261
-1.496e-06,0.00287500011
-1.494e-06,0.00285937511
-1.492e-06,0.00286718761
-1.49e-06,0.00279687511
-1.488e-06,0.00286718761
-1.486e-06,0.00284375011
-1.484e-06,0.00282812511
-1.482e-06,0.00281250011
-1.48e-06,0.00292968762
-1.478e-06,0.00286718761
-1.476e-06,0.00290625012
-1.474e-06,0.00276562511
-1.472e-06,0.00286718761
-1.47e-06,0.00282031261
-1.468e-06,0.00284375011
-1.466e-06,0.00300000012
-1.464e-06,0.00283593761
-1.462e-06,0.00285156261
-1.46e-06,0.00297656262
-1.458e-06,0.00296093762
-1.456e-06,0.00286718761
-1.454e-06,0.00283593761
-1.452e-06,0.00285937511
-1.45e-06,0.00277343761
-1.448e-06,0.00296093762
-1.446e-06,0.00293750012
-1.444e-06,0.00291406262
-1.442e-06,0.00285156261
-1.44e-06,0.00297656262
-1.438e-06,0.00289062511
-1.436e-06,0.00293750012
-1.434e-06,0.00287500011
-1.432e-06,0.00296093762
-1.43e-06,0.00290625012
-1.428e-06,0.00281250011
-1.426e-06,0.00286718761
-1.424e-06,0.00282812511
-1.422e-06,0.00287500011
-1.42e-06,0.00289062511
-1.418e-06,0.00292187512
-1.416e-06,0.00296875012
-1.414e-06,0.00292187512
-1.412e-06,0.00285156261
-1.41e-06,0.00292968762
-1.408e-06,0.00289062511
-1.406e-06,0.00285937511
-1.404e-06,0.00281250011
-1.402e-06,0.00279687511
-1.4e-06,0.00294531262
-1.398e-06,0.00279687511
-1.396e-06,0.00292187512
-1.394e-06,0.00300000012
-1.392e-06,0.00285156261
-1.39e-06,0.00289062511
-1.388e-06,0.00288281261
-1.386e-06,0.00287500011
-1.384e-06,0.00287500011
-1.382e-06,0.00289062511
-1.38e-06,0.00284375011
-1.378e-06,0.00287500011
-1.376e-06,0.00289062511
-1.374e-06,0.00289843762
-1.372e-06,0.00284375011
-1.37e-06,0.00291406262
-1.368e-06,0.00295312512
-1.366e-06,0.00285937511
-1.364e-06,0.00285937511
-1.362e-06,0.00285156261
-1.36e-06,0.00294531262
-1.358e-06,0.00281250011
-1.356e-06,0.00290625012
-1.354e-06,0.00290625012
-1.352e-06,0.00297656262
-1.35e-06,0.00291406262
-1.348e-06,0.00282812511
-1.346e-06,0.00296875012
-1.344e-06,0.00282031261
-1.342e-06,0.00291406262
-1.34e-06,0.00293750012
-1.338e-06,0.00280468761
-1.336e-06,0.00288281261
-1.334e-06,0.00289843762
-1.332e-06,0.00281250011
-1.33e-06,0.00290625012
-1.328e-06,0.00296875012
-1.326e-06,0.00292187512
-1.324e-06,0.00300781262
-1.322e-06,0.00296093762
-1.32e-06,0.00290625012
-1.318e-06,0.00278906261
-1.316e-06,0.00285156261
-1.314e-06,0.00284375011
-1.312e-06,0.00280468761
-1.31e-06,0.00288281261
-1.308e-06,0.00288281261
-1.306e-06,0.00280468761
-1.304e-06,0.00289062511
-1.302e-06,0.00290625012
-1.3e-06,0.00286718761
-1.298e-06,0.00289843762
-1.296e-06,0.00281250011
-1.294e-06,0.00289843762
-1.292e-06,0.00283593761
-1.29e-06,0.00289062511
-1.288e-06,0.00297656262
-1.286e-06,0.00282812511
-1.284e-06,0.00285937511
-1.282e-06,0.00289843762
-1.28e-06,0.00284375011
-1.278e-06,0.00294531262
-1.276e-06,0.00284375011
-1.274e-06,0.00286718761
-1.272e-06,0.00300000012
-1.27e-06,0.00286718761
-1.268e-06,0.00285156261
-1.266e-06,0.00285156261
-1.264e-06,0.00278906261
-1.262e-06,0.00279687511
-1.26e-06,0.00286718761
-1.258e-06,0.00289062511
-1.256e-06,0.00294531262
-1.254e-06,0.00284375011
-1.252e-06,0.00280468761
-1.25e-06,0.00295312512
-1.248e-06,0.00288281261
-1.246e-06,0.00281250011
-1.244e-06,0.00283593761
-1.242e-06,0.00297656262
-1.24e-06,0.00290625012
-1.238e-06,0.00285937511
-1.236e-06,0.00292187512
-1.234e-06,0.00280468761
-1.232e-06,0.00285937511
-1.23e-06,0.00292187512
-1.228e-06,0.00277343761
-1.226e-06,0.00292187512
-1.224e-06,0.00282812511
-1.222e-06,0.00286718761
-1.22e-06,0.00281250011
-1.218e-06,0.00289062511
-1.216e-06,0.00298437512
-1.214e-06,0.00286718761
-1.212e-06,0.00296875012
-1.21e-06,0.00287500011
-1.208e-06,0.00297656262
-1.206e-06,0.00288281261
-1.204e-06,0.00288281261
-1.202e-06,0.00296093762
-1.2e-06,0.00293750012
-1.198e-06,0.00281250011
-1.196e-06,0.00287500011
-1.194e-06,0.00289062511
-1.192e-06,0.00285156261
-1.19e-06,0.00285937511
-1.188e-06,0.00278125011
-1.186e-06,0.00289062511
-1.184e-06,0.00292968762
-1.182e-06,0.00292968762
-1.18e-06,0.00292968762
-1.178e-06,0.00285937511
-1.176e-06,0.00289843762
-1.174e-06,0.00288281261
-1.172e-06,0.00288281261
-1.17e-06,0.00285937511
-1.168e-06,0.00277343761
-1.166e-06,0.00296093762
-1.164e-06,0.00292187512
-1.162e-06,0.00288281261
-1.16e-06,0.00287500011
-1.158e-06,0.00287500011
-1.156e-06,0.00301562512
-1.154e-06,0.00287500011
-1.152e-06,0.00290625012
-1.15e-06,0.00281250011
-1.148e-06,0.00296093762
-1.146e-06,0.00296093762
-1.144e-06,0.00287500011
-1.142e-06,0.00282812511
-1.14e-06,0.00295312512
-1.138e-06,0.00286718761
-1.136e-06,0.00290625012
-1.134e-06,0.00293750012
-1.132e-06,0.00283593761
-1.13e-06,0.00285937511
-1.128e-06,0.00286718761
-1.126e-06,0.00287500011
-1.124e-06,0.00284375011
-1.122e-06,0.00289062511
-1.12e-06,0.00289843762
-1.118e-06,0.00290625012
-1.116e-06,0.00289843762
-1.114e-06,0.00289062511
-1.112e-06,0.00290625012
-1.11e-06,0.00292187512
-1.108e-06,0.00288281261
-1.106e-06,0.00280468761
-1.104e-06,0.00289843762
-1.102e-06,0.00289062511
-1.1e-06,0.00278906261
-1.098e-06,0.00289843762
-1.096e-06,0.00286718761
-1.094e-06,0.00280468761
-1.092e-06,0.00289062511
-1.09e-06,0.00282812511
-1.088e-06,0.00285937511
-1.086e-06,0.00295312512
-1.084e-06,0.00288281261
-1.082e-06,0.00291406262
-1.08e-06,0.00298437512
-1.078e-06,0.00285156261
-1.076e-06,0.00293750012
-1.074e-06,0.00286718761
-1.072e-06,0.00284375011
-1.07e-06,0.00291406262
-1.068e-06,0.00280468761
-1.066e-06,0.00288281261
-1.064e-06,0.00287500011
-1.062e-06,0.00289843762
-1.06e-06,0.00289062511
-1.058e-06,0.00285937511
-1.056e-06,0.00287500011
-1.054e-06,0.00280468761
-1.052e-06,0.00295312512
-1.05e-06,0.00291406262
-1.048e-06,0.00278906261
-1.046e-06,0.00288281261
-1.044e-06,0.00292968762
-1.042e-06,0.00290625012
-1.04e-06,0.00281250011
-1.038e-06,0.00293750012
-1.036e-06,0.00290625012
-1.034e-06,0.00296875012
-1.032e-06,0.00293750012
-1.03e-06,0.00288281261
-1.028e-06,0.00299218762
-1.026e-06,0.00281250011
-1.024e-06,0.00285937511
-1.022e-06,0.00289062511
-1.02e-06,0.00296093762
-1.018e-06,0.00275781261
-1.016e-06,0.00290625012
-1.014e-06,0.00295312512
-1.012e-06,0.00284375011
-1.01e-06,0.00282812511
-1.008e-06,0.00284375011
-1.006e-06,0.00278125011
-1.004e-06,0.00291406262
-1.002e-06,0.00279687511
-1e-06,0.00285156261
-9.98e-07,0.00296875012
-9.96e-07,0.00285937511
-9.94e-07,0.00291406262
-9.92e-07,0.00290625012
-9.9e-07,0.00287500011
-9.88e-07,0.00292187512
-9.86e-07,0.00283593761
-9.84e-07,0.00285937511
-9.82e-07,0.00282812511
-9.8e-07,0.00282812511
-9.78e-07,0.00278906261
-9.76e-07,0.00287500011
-9.74e-07,0.00291406262
-9.72e-07,0.00281250011
-9.7e-07,0.00282031261
-9.68e-07,0.00282812511
-9.66e-07,0.00281250011
-9.64e-07,0.00296875012
-9.62e-07,0.00280468761
-9.6e-07,0.00289843762
-9.58e-07,0.00289062511
-9.56e-07,0.00277343761
-9.54e-07,0.00288281261
-9.52e-07,0.00288281261
-9.5e-07,0.00294531262
-9.48e-07,0.00287500011
-9.46e-07,0.00295312512
-9.44e-07,0.00294531262
-9.42e-07,0.00292968762
-9.4e-07,0.00282812511
-9.38e-07,0.00282031261
-9.36e-07,0.00288281261
-9.34e-07,0.00289062511
-9.32e-07,0.00284375011
-9.3e-07,0.00283593761
-9.28e-07,0.00291406262
-9.26e-07,0.00286718761
-9.24e-07,0.00289062511
-9.22e-07,0.00289062511
-9.2e-07,0.00278906261
-9.18e-07,0.00289843762
-9.16e-07,0.00288281261
-9.14e-07,0.00295312512
-9.12e-07,0.00284375011
-9.1e-07,0.00287500011
-9.08e-07,0.00288281261
-9.06e-07,0.00290625012
-9.04e-07,0.00281250011
-9.02e-07,0.00289062511
-9e-07,0.00284375011
-8.98e-07,0.00292187512
-8.96e-07,0.00291406262
-8.94e-07,0.00283593761
-8.92e-07,0.00283593761
-8.9e-07,0.00293750012
-8.88e-07,0.00285937511
-8.86e-07,0.00280468761
-8.84e-07,0.00287500011
-8.82e-07,0.00286718761
-8.8e-07,0.00300781262
-8.78e-07,0.00298437512
-8.76e-07,0.00289062511
-8.74e-07,0.00292968762
-8.72e-07,0.00288281261
-8.7e-07,0.00285937511
-8.68e-07,0.00285937511
-8.66e-07,0.00298437512
-8.64e-07,0.00298437512
-8.62e-07,0.00281250011
-8.6e-07,0.00289843762
-8.58e-07,0.00296093762
-8.56e-07,0.00292187512
-8.54e-07,0.00286718761
-8.52e-07,0.00288281261
-8.5e-07,0.00282812511
-8.48e-07,0.00300781262
-8.46e-07,0.00296093762
-8.44e-07,0.00285156261
-8.42e-07,0.00291406262
-8.4e-07,0.00287500011
-8.38e-07,0.00285156261
-8.36e-07,0.00285937511
-8.34e-07,0.00289843762
-8.32e-07,0.00288281261
-8.3e-07,0.00286718761
-8.28e-07,0.00292187512
-8.26e-07,0.00292187512
-8.24e-07,0.00296875012
-8.22e-07,0.00289843762
-8.2e-07,0.00290625012
-8.18e-07,0.00285156261
-8.16e-07,0.00290625012
-8.14e-07,0.00286718761
-8.12e-07,0.00297656262
-8.1e-07,0.00295312512
-8.08e-07,0.00300000012
-8.06e-07,0.00287500011
-8.04e-07,0.00292187512
-8.02e-07,0.00286718761
-8e-07,0.00276562511
-7.98e-07,0.00282031261
-7.96e-07,0.00297656262
-7.94e-07,0.00293750012
-7.92e-07,0.00282031261
-7.9e-07,0.00284375011
-7.88e-07,0.00288281261
-7.86e-07,0.00285156261
-7.84e-07,0.00292968762
-7.82e-07,0.00285156261
-7.8e-07,0.00289843762
-7.78e-07,0.00288281261
-7.76e-07,0.00297656262
-7.74e-07,0.00292968762
-7.72e-07,0.00295312512
-7.7e-07,0.00283593761
-7.68e-07,0.00289062511
-7.66e-07,0.00280468761
-7.64e-07,0.00292187512
-7.62e-07,0.00290625012
-7.6e-07,0.00291406262
-7.58e-07,0.00282812511
-7.56e-07,0.00278125011
-7.54e-07,0.00288281261
-7.52e-07,0.00287500011
-7.5e-07,0.00292187512
-7.48e-07,0.00287500011
-7.46e-07,0.00290625012
-7.44e-07,0.00285937511
-7.42e-07,0.00282812511
-7.4e-07,0.00285156261
-7.38e-07,0.00290625012
-7.36e-07,0.00289843762
-7.34e-07,0.00295312512
-7.32e-07,0.00285937511
-7.3e-07,0.00282812511
-7.28e-07,0.00284375011
-7.26e-07,0.00290625012
-7.24e-07,0.00292187512
-7.22e-07,0.00297656262
-7.2e-07,0.00292968762
-7.18e-07,0.00296875012
-7.16e-07,0.00286718761
-7.14e-07,0.00289843762
-7.12e-07,0.00287500011
-7.1e-07,0.00292187512
-7.08e-07,0.00289843762
-7.06e-07,0.00287500011
-7.04e-07,0.00289062511
-7.02e-07,0.00289062511
-7e-07,0.00277343761
-6.98e-07,0.00283593761
-6.96e-07,0.00292968762
-6.94e-07,0.00293750012
-6.92e-07,0.00296093762
-6.9e-07,0.00289843762
-6.88e-07,0.00292968762
-6.86e-07,0.00290625012
-6.84e-07,0.00285156261
-6.82e-07,0.00291406262
-6.8e-07,0.00298437512
-6.78e-07,0.00285937511
-6.76e-07,0.00289843762
-6.74e-07,0.00289062511
-6.72e-07,0.00295312512
-6.7e-07,0.00278906261
-6.68e-07,0.00290625012
-6.66e-07,0.00293750012
-6.64e-07,0.00285937511
-6.62e-07,0.00291406262
-6.6e-07,0.00296093762
-6.58e-07,0.00296875012
-6.56e-07,0.00284375011
-6.54e-07,0.00281250011
-6.52e-07,0.00282031261
-6.5e-07,0.00294531262
-6.48e-07,0.00294531262
-6.46e-07,0.00292187512
-6.44e-07,0.00292968762
-6.42e-07,0.00289062511
-6.4e-07,0.00287500011
-6.38e-07,0.00296875012
-6.36e-07,0.00292968762
-6.34e-07,0.00289843762
-6.32e-07,0.00287500011
-6.3e-07,0.00289843762
-6.28e-07,0.00282031261
-6.26e-07,0.00283593761
-6.24e-07,0.00294531262
-6.22e-07,0.00296875012
-6.2e-07,0.00290625012
-6.18e-07,0.00283593761
-6.16e-07,0.00296093762
-6.14e-07,0.00282031261
-6.12e-07,0.00293750012
-6.1e-07,0.00286718761
-6.08e-07,0.00292187512
-6.06e-07,0.00279687511
-6.04e-07,0.00291406262
-6.02e-07,0.00296093762
-6e-07,0.00293750012
-5.98e-07,0.00286718761
-5.96e-07,0.00293750012
-5.94e-07,0.00291406262
-5.92e-07,0.00285937511
-5.9e-07,0.00283593761
-5.88e-07,0.00283593761
-5.86e-07,0.00290625012
-5.84e-07,0.00287500011
-5.82e-07,0.00283593761
-5.8e-07,0.00289843762
-5.78e-07,0.00289062511
-5.76e-07,0.00290625012
-5.74e-07,0.00288281261
-5.72e-07,0.00299218762
-5.7e-07,0.00291406262
-5.68e-07,0.00291406262
-5.66e-07,0.00295312512
-5.64e-07,0.00291406262
-5.62e-07,0.00288281261
-5.6e-07,0.00295312512
-5.58e-07,0.00287500011
-5.56e-07,0.00283593761
-5.54e-07,0.00289843762
-5.52e-07,0.00283593761
-5.5e-07,0.00284375011
-5.48e-07,0.00288281261
-5.46e-07,0.00293750012
-5.44e-07,0.00292968762
-5.42e-07,0.00289062511
-5.4e-07,0.00289062511
-5.38e-07,0.00284375011
-5.36e-07,0.00292187512
-5.34e-07,0.00284375011
-5.32e-07,0.00282031261
-5.3e-07,0.00292187512
-5.28e-07,0.00295312512
-5.26e-07,0.00292968762
-5.24e-07,0.00289843762
-5.22e-07,0.00282031261
-5.2e-07,0.00286718761
-5.18e-07,0.00289062511
-5.16e-07,0.00284375011
-5.14e-07,0.00279687511
-5.12e-07,0.00291406262
-5.1e-07,0.00292187512
-5.08e-07,0.00279687511
-5.06e-07,0.00290625012
-5.04e-07,0.00285937511
-5.02e-07,0.00285937511
-5e-07,0.00290625012
-4.98e-07,0.00293750012
-4.96e-07,0.00289062511
-4.94e-07,0.00280468761
-4.92e-07,0.00296875012
-4.9e-07,0.00295312512
-4.88e-07,0.00289062511
-4.86e-07,0.00295312512
-4.84e-07,0.00290625012
-4.82e-07,0.00281250011
-4.8e-07,0.00280468761
-4.78e-07,0.00290625012
-4.76e-07,0.00289062511
-4.74e-07,0.00287500011
-4.72e-07,0.00288281261
-4.7e-07,0.00285156261
-4.68e-07,0.00299218762
-4.66e-07,0.00277343761
-4.64e-07,0.00290625012
-4.62e-07,0.00290625012
-4.6e-07,0.00297656262
-4.58e-07,0.00289843762
-4.56e-07,0.00290625012
-4.54e-07,0.00300781262
-4.52e-07,0.00281250011
-4.5e-07,0.00280468761
-4.48e-07,0.00292968762
-4.46e-07,0.00287500011
-4.44e-07,0.00285937511
-4.42e-07,0.00286718761
-4.4e-07,0.00284375011
-4.38e-07,0.00287500011
-4.36e-07,0.00278125011
-4.34e-07,0.00292968762
-4.32e-07,0.00287500011
-4.3e-07,0.00288281261
-4.28e-07,0.00293750012
-4.26e-07,0.00292968762
-4.24e-07,0.00282812511
-4.22e-07,0.00291406262
-4.2e-07,0.00291406262
-4.18e-07,0.00292968762
-4.16e-07,0.00283593761
-4.14e-07,0.00291406262
-4.12e-07,0.00285156261
-4.1e-07,0.00290625012
-4.08e-07,0.00293750012
-4.06e-07,0.00287500011
-4.04e-07,0.00285156261
-4.02e-07,0.00289062511
-4e-07,0.00285937511
-3.98e-07,0.00293750012
-3.96e-07,0.00286718761
-3.94e-07,0.00284375011
-3.92e-07,0.00292968762
-3.9e-07,0.00288281261
-3.88e-07,0.00285937511
-3.86e-07,0.00291406262
-3.84e-07,0.00290625012
-3.82e-07,0.00282031261
-3.8e-07,0.00287500011
-3.78e-07,0.00291406262
-3.76e-07,0.00287500011
-3.74e-07,0.00289062511
-3.72e-07,0.00288281261
-3.7e-07,0.00284375011
-3.68e-07,0.00292187512
-3.66e-07,0.00294531262
-3.64e-07,0.00288281261
-3.62e-07,0.00298437512
-3.6e-07,0.00289843762
-3.58e-07,0.00285937511
-3.56e-07,0.00295312512
-3.54e-07,0.00287500011
-3.52e-07,0.00286718761
-3.5e-07,0.00290625012
-3.48e-07,0.00296875012
-3.46e-07,0.00286718761
-3.44e-07,0.00289062511
-3.42e-07,0.00286718761
-3.4e-07,0.00282812511
-3.38e-07,0.00291406262
-3.36e-07,0.00292968762
-3.34e-07,0.00293750012
-3.32e-07,0.00292187512
-3.3e-07,0.00300781262
-3.28e-07,0.00294531262
-3.26e-07,0.00283593761
-3.24e-07,0.00287500011
-3.22e-07,0.00289843762
-3.2e-07,0.00288281261
-3.18e-07,0.00295312512
-3.16e-07,0.00283593761
-3.14e-07,0.00285156261
-3.12e-07,0.00285937511
-3.1e-07,0.00288281261
-3.08e-07,0.00285156261
-3.06e-07,0.00291406262
-3.04e-07,0.00296093762
-3.02e-07,0.00291406262
-3e-07,0.00285937511
-2.98e-07,0.00299218762
-2.96e-07,0.00296093762
-2.94e-07,0.00296093762
-2.92e-07,0.00292968762
-2.9e-07,0.00286718761
-2.88e-07,0.00289062511
-2.86e-07,0.00300000012
-2.84e-07,0.00289062511
-2.82e-07,0.00292968762
-2.8e-07,0.00289062511
-2.78e-07,0.00282031261
-2.76e-07,0.00281250011
-2.74e-07,0.00291406262
-2.72e-07,0.00297656262
-2.7e-07,0.00294531262
-2.68e-07,0.00290625012
-2.66e-07,0.00285156261
-2.64e-07,0.00292187512
-2.62e-07,0.00293750012
-2.6e-07,0.00291406262
-2.58e-07,0.00293750012
-2.56e-07,0.00278906261
-2.54e-07,0.00299218762
-2.52e-07,0.00278906261
-2.5e-07,0.00282031261
-2.48e-07,0.00293750012
-2.46e-07,0.00282031261
-2.44e-07,0.00287500011
-2.42e-07,0.00296093762
-2.4e-07,0.00279687511
-2.38e-07,0.00287500011
-2.36e-07,0.00294531262
-2.34e-07,0.00292187512
-2.32e-07,0.00281250011
-2.3e-07,0.00278906261
-2.28e-07,0.00285937511
-2.26e-07,0.00285937511
-2.24e-07,0.00291406262
-2.22e-07,0.00292187512
-2.2e-07,0.00291406262
-2.18e-07,0.00296875012
-2.16e-07,0.00289843762
-2.14e-07,0.00288281261
-2.12e-07,0.00289843762
-2.1e-07,0.00287500011
-2.08e-07,0.00282031261
-2.06e-07,0.00289843762
-2.04e-07,0.00279687511
-2.02e-07,0.00284375011
-2e-07,0.00297656262
-1.98e-07,0.00283593761
-1.96e-07,0.00284375011
-1.94e-07,0.00288281261
-1.92e-07,0.00286718761
-1.9e-07,0.00300000012
-1.88e-07,0.00289062511
-1.86e-07,0.00280468761
-1.84e-07,0.00298437512
-1.82e-07,0.00288281261
-1.8e-07,0.00290625012
-1.78e-07,0.00284375011
-1.76e-07,0.00296875012
-1.74e-07,0.00285156261
-1.72e-07,0.00294531262
-1.7e-07,0.00287500011
-1.68e-07,0.00290625012
-1.66e-07,0.00289062511
-1.64e-07,0.00289062511
-1.62e-07,0.00282031261
-1.6e-07,0.00289843762
-1.58e-07,0.00296093762
-1.56e-07,0.00288281261
-1.54e-07,0.00288281261
-1.52e-07,0.00294531262
-1.5e-07,0.00291406262
-1.48e-07,0.00289062511
-1.46e-07,0.00289843762
-1.44e-07,0.00291406262
-1.42e-07,0.00299218762
-1.4e-07,0.00291406262
-1.38e-07,0.00296093762
-1.36e-07,0.00287500011
-1.34e-07,0.00286718761
-1.32e-07,0.00283593761
-1.3e-07,0.00293750012
-1.28e-07,0.00290625012
-1.26e-07,0.00289843762
-1.24e-07,0.00288281261
-1.22e-07,0.00291406262
-1.2e-07,0.00285156261
-1.18e-07,0.00289843762
-1.16e-07,0.00286718761
-1.14e-07,0.00287500011
-1.12e-07,0.00300000012
-1.1e-07,0.00296875012
-1.08e-07,0.00292187512
-1.06e-07,0.00289843762
-1.04e-07,0.00282812511
-1.02e-07,0.00283593761
-1e-07,0.00292187512
-9.8e-08,0.00290625012
-9.6e-08,0.00287500011
-9.4e-08,0.00284375011
-9.2e-08,0.00291406262
-9e-08,0.00289843762
-8.8e-08,0.00289843762
-8.6e-08,0.00298437512
-8.4e-08,0.00281250011
-8.2e-08,0.00294531262
-8e-08,0.00277343761
-7.8e-08,0.00285937511
-7.6e-08,0.00296093762
-7.4e-08,0.00300000012
-7.2e-08,0.00285156261
-7e-08,0.00292968762
-6.8e-08,0.00293750012
-6.6e-08,0.00291406262
-6.4e-08,0.00292187512
-6.2e-08,0.00286718761
-6e-08,0.00292187512
-5.8e-08,0.00276562511
-5.6e-08,0.00292968762
-5.4e-08,0.00287500011
-5.2e-08,0.00297656262
-5e-08,0.00284375011
-4.8e-08,0.00292968762
-4.6e-08,0.00294531262
-4.4e-08,0.00289843762
-4.2e-08,0.00286718761
-4e-08,0.00293750012
-3.8e-08,0.00285937511
-3.6e-08,0.00288281261
-3.4e-08,0.00290625012
-3.2e-08,0.00292968762
-3e-08,0.00297656262
-2.8e-08,0.00287500011
-2.6e-08,0.00290625012
-2.4e-08,0.00291406262
-2.2e-08,0.00298437512
-2e-08,0.00285937511
-1.8e-08,0.00303125012
-1.6e-08,0.00286718761
-1.4e-08,0.00282031261
-1.2e-08,0.00290625012
-1e-08,0.00285937511
-8e-09,0.00297656262
-6e-09,0.00293750012
-4e-09,0.00313281263
-2e-09,0.00332031264
0,0.0172812508
2e-09,0.0600078153
4e-09,0.0795625038
6e-09,0.0718359409
8e-09,0.0562656277
1e-08,0.0551171901
1.2e-08,0.0633046905
1.4e-08,0.0418515645
1.6e-08,0.0267734387
1.8e-08,0.0237187511
2e-08,0.0277343763
2.2e-08,0.0444296896
2.4e-08,0.021484376
2.6e-08,-0.0300000014
2.8e-08,-0.0141015632
3e-08,0.0308515639
3.2e-08,-0.0137421882
3.4e-08,-0.0704531284
3.6e-08,-0.0203828135
3.8e-08,0.0106093755
4e-08,-0.0450468772
4.2e-08,-0.05321094
4.4e-08,-0.0381406268
4.6e-08,-0.0484140648
4.8e-08,-0.031835939
5e-08,-0.0314062515
5.2e-08,-0.0718046909
5.4e-08,-0.0400000019
5.6e-08,0.00412500017
5.8e-08,-0.0528906275
6e-08,-0.0750703161
6.2e-08,-0.0115234381
6.4e-08,-0.0103125005
6.6e-08,-0.0452812522
6.8e-08,-0.0197578135
7e-08,-0.0132187507
7.2e-08,-0.0264843763
7.4e-08,0.00456250019
7.6e-08,-0.00532812528
7.8e-08,-0.0457109397
8e-08,0.00284375011
8.2e-08,0.0374296893
8.4e-08,-0.0257578137
8.6e-08,-0.0262187513
8.8e-08,0.0350703141
9e-08,0.0126953131
9.2e-08,-0.0220625011
9.4e-08,0.00482031271
9.6e-08,0.00826562537
9.8e-08,-0.000687500055
1e-07,0.0170000008
1.02e-07,-0.000359375039
1.04e-07,-0.0182421884
1.06e-07,0.0169453133
1.08e-07,0.0141953132
1.1e-07,-0.0330859391
1.12e-07,-0.0183359384
1.14e-07,0.0166562508
1.16e-07,-0.00599218781
1.18e-07,-0.0171406258
1.2e-07,-0.00326562518
1.22e-07,-0.0128750006
1.24e-07,-0.0126718756
1.26e-07,-0.00498437526
1.28e-07,-0.0252343762
1.3e-07,-0.0193984384
1.32e-07,0.0160703132
1.34e-07,-0.000210937532
1.36e-07,-0.0330625016
1.38e-07,-0.0112734381
1.4e-07,0.00617187527
1.42e-07,-0.0169140633
1.44e-07,-0.0224375011
1.46e-07,-0.00899218795
1.48e-07,-0.00677343784
1.5e-07,-0.00630468782
1.52e-07,-0.0129609381
1.54e-07,-0.0257343762
1.56e-07,-0.0164218758
1.58e-07,-0.00558593779
1.6e-07,-0.0216640636
1.62e-07,-0.0281328139
1.64e-07,-0.00925781296
1.66e-07,-0.00433593773
1.68e-07,-0.0196328135
1.7e-07,-0.0253281262
1.72e-07,-0.0217890636
1.74e-07,-0.0173281258
1.76e-07,-0.0143125007
1.78e-07,-0.020390626
1.8e-07,-0.0217812511
1.82e-07,-0.0079609379
1.84e-07,-0.00750000038
1.86e-07,-0.0254843762
1.88e-07,-0.0273515638
1.9e-07,-0.0105156255
1.92e-07,-0.00494531276
1.94e-07,-0.0127109381
1.96e-07,-0.0134921882
1.98e-07,-0.00497656276
2e-07,-7.03125257e-05
2.02e-07,-0.00610937531
2.04e-07,-0.0129609381
2.06e-07,-0.0058593753
2.08e-07,0.00557031274
2.1e-07,0.00371093765
2.12e-07,-0.00344531269
2.14e-07,-0.000312500037
2.16e-07,0.00645312528
2.18e-07,0.00361718765
2.2e-07,-0.00444531273
2.22e-07,-0.00477343775
2.24e-07,0.00284375011
2.26e-07,0.00611718777
2.28e-07,-0.00151562509
2.3e-07,-0.00754687538
2.32e-07,-0.00261718765
2.34e-07,-0.000195312532
2.36e-07,-0.00857031293
2.38e-07,-0.0153984383
2.4e-07,-0.0115937506
2.42e-07,-0.00556250029
2.44e-07,-0.00939843797
2.46e-07,-0.0183515634
2.48e-07,-0.0191953134
2.5e-07,-0.0150625007
2.52e-07,-0.0186328134
2.54e-07,-0.0261328138
2.56e-07,-0.0246484387
2.58e-07,-0.0171875008
2.6e-07,-0.0168984383
2.62e-07,-0.0243906262
2.64e-07,-0.0282187514
2.66e-07,-0.0242656262
2.68e-07,-0.020156251
2.7e-07,-0.0216953136
2.72e-07,-0.0234375011
2.74e-07,-0.0190937509
2.76e-07,-0.0139453132
2.78e-07,-0.0165703133
2.8e-07,-0.0210859385
2.82e-07,-0.0166875008
2.84e-07,-0.00900781295
2.86e-07,-0.00885937544
2.88e-07,-0.0122109381
2.9e-07,-0.00984375049
2.92e-07,-0.00239843764
2.94e-07,0.000351562494
2.96e-07,-0.0037031252
2.98e-07,-0.00556250029
3e-07,-0.000296875036
3.02e-07,0.00351562514
3.04e-07,0.000648437508
3.06e-07,-0.00135156259
3.08e-07,0.00317968763
3.1e-07,0.00624218777
3.12e-07,0.00204687507
3.14e-07,-0.00308593767
3.16e-07,-0.00218750013
3.18e-07,0.00128125004
3.2e-07,0.000351562494
3.22e-07,-0.00415625022
3.24e-07,-0.00538281278
3.26e-07,-0.00238281264
3.28e-07,-0.0037812502
3.3e-07,-0.010726563
3.32e-07,-0.0135546882
3.34e-07,-0.0107656255
3.36e-07,-0.00916406296
3.38e-07,-0.0128046881
3.4e-07,-0.0166015633
3.42e-07,-0.0161250008
3.44e-07,-0.0154062508
3.46e-07,-0.0191875009
3.48e-07,-0.0229218761
3.5e-07,-0.020437501
3.52e-07,-0.0164296883
3.54e-07,-0.0182265634
3.56e-07,-0.0229140636
3.58e-07,-0.0228203136
3.6e-07,-0.0187187509
3.62e-07,-0.0178515634
3.64e-07,-0.0204140635
3.66e-07,-0.0212109385
3.68e-07,-0.0177578134
3.7e-07,-0.0151640632
3.72e-07,-0.0163359383
3.74e-07,-0.0169843758
3.76e-07,-0.0134843757
3.78e-07,-0.0102343755
3.8e-07,-0.0116640631
3.82e-07,-0.0132031256
3.84e-07,-0.010101563
3.86e-07,-0.00517968777
3.88e-07,-0.00429687523
3.9e-07,-0.00617187532
3.92e-07,-0.00559375029
3.94e-07,-0.00210156262
3.96e-07,-0.000976562569
3.98e-07,-0.00283593766
4e-07,-0.00296875016
4.02e-07,-0.000343750039
4.04e-07,0.00089062502
4.06e-07,-0.00144531259
4.08e-07,-0.00314062517
4.1e-07,-0.00144531259
4.12e-07,-0.000226562533
4.14e-07,-0.00267968765
4.16e-07,-0.00527343777
4.18e-07,-0.00476562525
4.2e-07,-0.00275000015
4.22e-07,-0.00407812522
4.24e-07,-0.00735937537
4.26e-07,-0.00870312544
4.28e-07,-0.00763281288
4.3e-07,-0.00843750042
4.32e-07,-0.0115781256
4.34e-07,-0.0132890632
4.36e-07,-0.0123125006
4.38e-07,-0.0123906256
4.4e-07,-0.0154687508
4.42e-07,-0.0175625009
4.44e-07,-0.0168593758
4.46e-07,-0.0163281258
4.48e-07,-0.0182578134
4.5e-07,-0.020156251
4.52e-07,-0.0192500009
4.54e-07,-0.0170156258
4.56e-07,-0.0175000009
4.58e-07,-0.019750001
4.6e-07,-0.0194765634
4.62e-07,-0.0174843759
4.64e-07,-0.0167187508
4.66e-07,-0.0171093758
4.68e-07,-0.0162656258
4.7e-07,-0.0142968757
4.72e-07,-0.0132890632
4.74e-07,-0.0142343757
4.76e-07,-0.0142500007
4.78e-07,-0.0115390631
4.8e-07,-0.00898437545
4.82e-07,-0.00902343795
4.84e-07,-0.00993750049
4.86e-07,-0.0079375004
4.88e-07,-0.00496875026
4.9e-07,-0.00437500023
4.92e-07,-0.00508593776
4.94e-07,-0.00426562522
4.96e-07,-0.00259375015
4.98e-07,-0.0016484376
5e-07,-0.00206250012
5.02e-07,-0.00185156261
5.04e-07,-0.000335937538
5.06e-07,-7.03125257e-05
5.08e-07,-0.00215625012
5.1e-07,-0.00318750017
5.12e-07,-0.00235937513
5.14e-07,-0.0016406251
5.16e-07,-0.00339843768
5.18e-07,-0.00547656278
5.2e-07,-0.00607031281
5.22e-07,-0.00605468781
5.24e-07,-0.00750781288
5.26e-07,-0.00939843797
5.28e-07,-0.010773438
5.3e-07,-0.0109062505
5.32e-07,-0.0118437506
5.34e-07,-0.0141171882
5.36e-07,-0.0151015632
5.38e-07,-0.0147343757
5.4e-07,-0.0153906258
5.42e-07,-0.0174921884
5.44e-07,-0.0186953134
5.46e-07,-0.0180937509
5.48e-07,-0.0173671883
5.5e-07,-0.0181406259
5.52e-07,-0.0192656259
5.54e-07,-0.0188125009
5.56e-07,-0.0175546884
5.58e-07,-0.0175859384
5.6e-07,-0.0179453134
5.62e-07,-0.0171484383
5.64e-07,-0.0157578133
5.66e-07,-0.0149531257
5.68e-07,-0.0148125007
5.7e-07,-0.0137031257
5.72e-07,-0.0118281256
5.74e-07,-0.010757813
5.76e-07,-0.0109218755
5.78e-07,-0.010398438
5.8e-07,-0.00833593792
5.82e-07,-0.00613281281
5.84e-07,-0.00557031279
5.86e-07,-0.00565625029
5.88e-07,-0.00476562525
5.9e-07,-0.00353125019
5.92e-07,-0.00321875018
5.94e-07,-0.00314062517
5.96e-07,-0.00239843764
5.98e-07,-0.00140625009
6e-07,-0.00178125011
6.02e-07,-0.00262500015
6.04e-07,-0.00277343765
6.06e-07,-0.00232031263
6.08e-07,-0.00256250014
6.1e-07,-0.00412500022
6.12e-07,-0.00532812528
6.14e-07,-0.00534375028
6.16e-07,-0.00534375028
6.18e-07,-0.00646093783
6.2e-07,-0.0080390629
6.22e-07,-0.00896875045
6.24e-07,-0.00982812549
6.26e-07,-0.011023438
6.28e-07,-0.0122031256
6.3e-07,-0.0126562506
6.32e-07,-0.0129375006
6.34e-07,-0.0139921882
6.36e-07,-0.0156093758
6.38e-07,-0.0163359383
6.4e-07,-0.0164140633
6.42e-07,-0.0165312508
6.44e-07,-0.0174375009
6.46e-07,-0.0181015634
6.48e-07,-0.0177968759
6.5e-07,-0.0172578133
6.52e-07,-0.0175625009
6.54e-07,-0.0175234384
6.56e-07,-0.0170234383
6.58e-07,-0.0160937508
6.6e-07,-0.0157812508
6.62e-07,-0.0151640632
6.64e-07,-0.0141718757
6.66e-07,-0.0127656256
6.68e-07,-0.0120156256
6.7e-07,-0.0118750006
6.72e-07,-0.010960938
6.74e-07,-0.00922656296
6.76e-07,-0.0080390629
6.78e-07,-0.00761718788
6.8e-07,-0.00726562537
6.82e-07,-0.00611718781
6.84e-07,-0.00530468777
6.86e-07,-0.00486718775
6.88e-07,-0.00442187523
6.9e-07,-0.00387500021
6.92e-07,-0.00351562519
6.94e-07,-0.00335937518
6.96e-07,-0.00347656269
6.98e-07,-0.00307031267
7e-07,-0.00267187515
7.02e-07,-0.00316406267
7.04e-07,-0.00422656272
7.06e-07,-0.00451562524
7.08e-07,-0.00453906274
7.1e-07,-0.00474218775
7.12e-07,-0.00564062529
7.14e-07,-0.00675000034
7.16e-07,-0.00743750038
7.18e-07,-0.00827343792
7.2e-07,-0.00925000046
7.22e-07,-0.0101718755
7.24e-07,-0.0109062505
7.26e-07,-0.0116406256
7.28e-07,-0.0130390631
7.3e-07,-0.0140078132
7.32e-07,-0.0144375007
7.34e-07,-0.0146796882
7.36e-07,-0.0152578132
7.38e-07,-0.0161796883
7.4e-07,-0.0168671883
7.42e-07,-0.0167656258
7.44e-07,-0.0165468758
7.46e-07,-0.0167187508
7.48e-07,-0.0167578133
7.5e-07,-0.0166093758
7.52e-07,-0.0161875008
7.54e-07,-0.0160546883
7.56e-07,-0.0155312508
7.58e-07,-0.0146250007
7.6e-07,-0.0138984382
7.62e-07,-0.0135156257
7.64e-07,-0.0130781256
7.66e-07,-0.0120156256
7.68e-07,-0.010742188
7.7e-07,-0.00984375049
7.72e-07,-0.00946093797
7.74e-07,-0.00873437544
7.76e-07,-0.00750000038
7.78e-07,-0.00660937534
7.8e-07,-0.00600781281
7.82e-07,-0.00544531278
7.84e-07,-0.00496093776
7.86e-07,-0.00448437524
7.88e-07,-0.00421093772
7.9e-07,-0.00395312521
7.92e-07,-0.00334375018
7.94e-07,-0.00313281267
7.96e-07,-0.00350781269
7.98e-07,-0.00407812522
8e-07,-0.00415625022
8.02e-07,-0.00417968772
8.04e-07,-0.00460937524
8.06e-07,-0.00546093778
8.08e-07,-0.00620312532
8.1e-07,-0.00685937535
8.12e-07,-0.00722656287
8.14e-07,-0.0079843754
8.16e-07,-0.00893750045
8.18e-07,-0.00963281298
8.2e-07,-0.0106718755
8.22e-07,-0.0116171881
8.24e-07,-0.0123750006
8.26e-07,-0.0127343756
8.28e-07,-0.0131171881
8.3e-07,-0.0141640632
8.32e-07,-0.0149921882
8.34e-07,-0.0154765633
8.36e-07,-0.0155703133
8.38e-07,-0.0156875008
8.4e-07,-0.0159062508
8.42e-07,-0.0162812508
8.44e-07,-0.0161718758
8.46e-07,-0.0159843758
8.48e-07,-0.0159453133
8.5e-07,-0.0155859383
8.52e-07,-0.0150781257
8.54e-07,-0.0147109382
8.56e-07,-0.0142187507
8.58e-07,-0.0136093757
8.6e-07,-0.0127656256
8.62e-07,-0.0118359381
8.64e-07,-0.011039063
8.66e-07,-0.0106250005
8.68e-07,-0.00982031299
8.7e-07,-0.00864843793
8.72e-07,-0.00768750039
8.74e-07,-0.00706250036
8.76e-07,-0.00655468783
8.78e-07,-0.0058593753
8.8e-07,-0.00549218778
8.82e-07,-0.00498437526
8.84e-07,-0.00458593774
8.86e-07,-0.00420312522
8.88e-07,-0.00400000021
8.9e-07,-0.00417187522
8.92e-07,-0.00428125023
8.94e-07,-0.00417968772
8.96e-07,-0.00414062522
8.98e-07,-0.00468750024
9e-07,-0.00517187527
9.02e-07,-0.0057890628
9.04e-07,-0.00625000032
9.06e-07,-0.00658593784
9.08e-07,-0.00712500036
9.1e-07,-0.00784375039
9.12e-07,-0.00872656294
9.14e-07,-0.00959375048
9.16e-07,-0.010382813
9.18e-07,-0.011070313
9.2e-07,-0.0114296881
9.22e-07,-0.0122187506
9.24e-07,-0.0131093756
9.26e-07,-0.0137656257
9.28e-07,-0.0141640632
9.3e-07,-0.0142656257
9.32e-07,-0.0147343757
9.34e-07,-0.0152343757
9.36e-07,-0.0155390633
9.38e-07,-0.0155546883
9.4e-07,-0.0154687508
9.42e-07,-0.0153046882
9.44e-07,-0.0151875007
9.46e-07,-0.0150078132
9.48e-07,-0.0148437507
9.5e-07,-0.0145468757
9.52e-07,-0.0137812507
9.54e-07,-0.0131406256
9.56e-07,-0.0125625006
9.58e-07,-0.0120625006
9.6e-07,-0.0115546881
9.62e-07,-0.0107812505
9.64e-07,-0.00986718799
9.66e-07,-0.00905468795
9.68e-07,-0.00838281292
9.7e-07,-0.0078906254
9.72e-07,-0.00712500036
9.74e-07,-0.00665625034
9.76e-07,-0.00609375031
9.78e-07,-0.00550000028
9.8e-07,-0.00521093777
9.82e-07,-0.00502343776
9.84e-07,-0.00494531276
9.86e-07,-0.00476562525
9.88e-07,-0.00450000024
9.9e-07,-0.00432812523
9.92e-07,-0.00470312525
9.94e-07,-0.00509375026
9.96e-07,-0.00531250027
9.98e-07,-0.00550781278
1e-06,-0.00611718781
1.002e-06,-0.00642968783
1.004e-06,-0.00703906286
1.006e-06,-0.0078671879
1.008e-06,-0.00839843792
1.01e-06,-0.00907031295
1.012e-06,-0.00974218799
1.014e-06,-0.0104531255
1.016e-06,-0.0112265631
1.018e-06,-0.0121562506
1.02e-06,-0.0127343756
1.022e-06,-0.0128750006
1.024e-06,-0.0133437507
1.026e-06,-0.0138437507
1.028e-06,-0.0143984382
1.03e-06,-0.0147656257
1.032e-06,-0.0148203132
1.034e-06,-0.0148593757
1.036e-06,-0.0150000007
1.038e-06,-0.0148671882
1.04e-06,-0.0149062507
1.042e-06,-0.0148437507
1.044e-06,-0.0145703132
1.046e-06,-0.0140468757
1.048e-06,-0.0135468757
1.05e-06,-0.0132578132
1.052e-06,-0.0129062506
1.054e-06,-0.0123671881
1.056e-06,-0.0115703131
1.058e-06,-0.010929688
1.06e-06,-0.0101093755
1.062e-06,-0.00964843798
1.064e-06,-0.00907031295
1.066e-06,-0.00825781291
1.068e-06,-0.00760156288
1.07e-06,-0.00688281285
1.072e-06,-0.00643750033
1.074e-06,-0.00614062531
1.076e-06,-0.0058671878
1.078e-06,-0.00557031279
1.08e-06,-0.00525000027
1.082e-06,-0.00489843776
1.084e-06,-0.00490625026
1.086e-06,-0.00501562526
1.088e-06,-0.00524218777
1.09e-06,-0.00532812528
1.092e-06,-0.00545312528
1.094e-06,-0.00568750029
1.096e-06,-0.00622656282
1.098e-06,-0.00666406284
1.1e-06,-0.00714843786
1.102e-06,-0.00773437539
1.104e-06,-0.00823437541
1.106e-06,-0.00875000044
1.108e-06,-0.00958593798
1.11e-06,-0.0102187505
1.112e-06,-0.0110312505
1.114e-06,-0.0115234381
1.116e-06,-0.0118906256
1.118e-06,-0.0124843756
1.12e-06,-0.0131093756
1.122e-06,-0.0135390632
1.124e-06,-0.0138828132
1.126e-06,-0.0140390632
1.128e-06,-0.0142343757
1.13e-06,-0.0143437507
1.132e-06,-0.0145468757
1.134e-06,-0.0145156257
1.136e-06,-0.0143359382
1.138e-06,-0.0142421882
1.14e-06,-0.0140156257
1.142e-06,-0.0137343757
1.144e-06,-0.0135468757
1.146e-06,-0.0132421882
1.148e-06,-0.0126718756
1.15e-06,-0.0121015631
1.152e-06,-0.0114921881
1.154e-06,-0.0109531255
1.156e-06,-0.010351563
1.158e-06,-0.00986718799
1.16e-06,-0.00917968796
1.162e-06,-0.00842187542
1.164e-06,-0.00782812539
1.166e-06,-0.00730468787
1.168e-06,-0.00703906286
1.17e-06,-0.00666406284
1.172e-06,-0.00624218782
1.174e-06,-0.00595312531
1.176e-06,-0.00570312529
1.178e-06,-0.00563281279
1.18e-06,-0.00564062529
1.182e-06,-0.00557812529
1.184e-06,-0.00548437528
1.186e-06,-0.00545312528
1.188e-06,-0.00566406279
1.19e-06,-0.00617187532
1.192e-06,-0.00647656283
1.194e-06,-0.00669531284
1.196e-06,-0.00704687536
1.198e-06,-0.00739062537
1.2e-06,-0.0080000004
1.202e-06,-0.00869531294
1.204e-06,-0.00935156297
1.206e-06,-0.00985156299
1.208e-06,-0.0102656255
1.21e-06,-0.0109687505
1.212e-06,-0.0114921881
1.214e-06,-0.0121718756
1.216e-06,-0.0127031256
1.218e-06,-0.0128046881
1.22e-06,-0.0131640631
1.222e-06,-0.0134296882
1.224e-06,-0.0137265632
1.226e-06,-0.0139687507
1.228e-06,-0.0141484382
1.23e-06,-0.0141562507
1.232e-06,-0.0139140632
1.234e-06,-0.0137500007
1.236e-06,-0.0137968757
1.238e-06,-0.0136484382
1.24e-06,-0.0132421882
1.242e-06,-0.0129687506
1.244e-06,-0.0124453131
1.246e-06,-0.0121250006
1.248e-06,-0.0116406256
1.25e-06,-0.0111562506
1.252e-06,-0.0106093755
1.254e-06,-0.0099687505
1.256e-06,-0.00936718797
1.258e-06,-0.00878906294
1.26e-06,-0.00839062542
1.262e-06,-0.0080156254
1.264e-06,-0.00751562538
1.266e-06,-0.00700000035
1.268e-06,-0.00659375034
1.27e-06,-0.00640625033
1.272e-06,-0.00621093782
1.274e-06,-0.00614843781
1.276e-06,-0.00603906281
1.278e-06,-0.0058359378
1.28e-06,-0.0057890628
1.282e-06,-0.00596093781
1.284e-06,-0.00610937531
1.286e-06,-0.00628125032
1.288e-06,-0.00645312533
1.29e-06,-0.00677343784
1.292e-06,-0.00701562536
1.294e-06,-0.00744531288
1.296e-06,-0.0079375004
1.298e-06,-0.00850781293
1.3e-06,-0.00883593794
1.302e-06,-0.00927343796
1.304e-06,-0.00988281299
1.306e-06,-0.010648438
1.308e-06,-0.0111875006
1.31e-06,-0.0116250006
1.312e-06,-0.0119062506
1.314e-06,-0.0123125006
1.316e-06,-0.0126875006
1.318e-06,-0.0131093756
1.32e-06,-0.0133750007
1.322e-06,-0.0135000007
1.324e-06,-0.0136015632
1.326e-06,-0.0135390632
1.328e-06,-0.0135781257
1.33e-06,-0.0136406257
1.332e-06,-0.0135546882
1.334e-06,-0.0132890632
1.336e-06,-0.0130781256
1.338e-06,-0.0127890631
1.34e-06,-0.0125312506
1.342e-06,-0.0122031256
1.344e-06,-0.0117890631
1.346e-06,-0.0111718756
1.348e-06,-0.0106250005
1.35e-06,-0.0102187505
1.352e-06,-0.00964843798
1.354e-06,-0.00920312546
1.356e-06,-0.00881250044
1.358e-06,-0.00825000041
1.36e-06,-0.00755468788
1.362e-06,-0.00728125037
1.364e-06,-0.00696875035
1.366e-06,-0.00676562534
1.368e-06,-0.00659375034
1.37e-06,-0.00631250032
1.372e-06,-0.00608593781
1.374e-06,-0.00610156281
1.376e-06,-0.00623437532
1.378e-06,-0.00628125032
1.38e-06,-0.00624218782
1.382e-06,-0.00645312533
1.384e-06,-0.00656250033
1.386e-06,-0.00684375035
1.388e-06,-0.00718750036
1.39e-06,-0.00763281288
1.392e-06,-0.0079921879
1.394e-06,-0.00832031292
1.396e-06,-0.00870312544
1.398e-06,-0.00907031295
1.4e-06,-0.00987500049
1.402e-06,-0.010289063
1.404e-06,-0.010617188
1.406e-06,-0.011039063
1.408e-06,-0.0115156256
1.41e-06,-0.0120234381
1.412e-06,-0.0122812506
1.414e-06,-0.0127343756
1.416e-06,-0.0128359381
1.418e-06,-0.0130234381
1.42e-06,-0.0131562506
1.422e-06,-0.0133359382
1.424e-06,-0.0132812507
1.426e-06,-0.0132343757
1.428e-06,-0.0131875006
1.43e-06,-0.0130390631
1.432e-06,-0.0129296881
1.434e-06,-0.0127968756
1.436e-06,-0.0125000006
1.438e-06,-0.0120312506
1.44e-06,-0.0115390631
1.442e-06,-0.0111562506
1.444e-06,-0.0107031255
1.446e-06,-0.0103281255
1.448e-06,-0.00989062549
1.45e-06,-0.00927343796
1.452e-06,-0.00894531295
1.454e-06,-0.00844531292
1.456e-06,-0.0080546879
1.458e-06,-0.00775000039
1.46e-06,-0.00737500037
1.462e-06,-0.00711718786
1.464e-06,-0.00675781284
1.466e-06,-0.00660937534
1.468e-06,-0.00657812533
1.47e-06,-0.00660937534
1.472e-06,-0.00647656283
1.474e-06,-0.00646875033
1.476e-06,-0.00633593782
1.478e-06,-0.00658593784
1.48e-06,-0.00680468785
1.482e-06,-0.00709375036
1.484e-06,-0.00727343787
1.486e-06,-0.00754687538
1.488e-06,-0.00782812539
1.49e-06,-0.00818750041
1.492e-06,-0.00867968793
1.494e-06,-0.00906250045
1.496e-06,-0.00950781297
1.498e-06,-0.00983593799
1.5e-06,-0.010367188
1.502e-06,-0.0108750005
1.504e-06,-0.0112187506
1.506e-06,-0.0117187506
1.508e-06,-0.0120078131
1.51e-06,-0.0121250006
1.512e-06,-0.0123515631
1.514e-06,-0.0126484381
1.516e-06,-0.0127656256
1.518e-06,-0.0130468756
1.52e-06,-0.0129921881
1.522e-06,-0.0127968756
1.524e-06,-0.0128203131
1.526e-06,-0.0129296881
1.528e-06,-0.0127265631
1.53e-06,-0.0124531256
1.532e-06,-0.0121250006
1.534e-06,-0.0118515631
1.536e-06,-0.0114843756
1.538e-06,-0.0113203131
1.54e-06,-0.0108906255
1.542e-06,-0.010351563
1.544e-06,-0.00989843799
1.546e-06,-0.00945312547
1.548e-06,-0.00901562545
1.55e-06,-0.00880468794
1.552e-06,-0.00846875042
1.554e-06,-0.00809375041
1.556e-06,-0.00756250038
1.558e-06,-0.00732812537
1.56e-06,-0.00710156286
1.562e-06,-0.00702343786
1.564e-06,-0.00681250035
1.566e-06,-0.00666406284
1.568e-06,-0.00668750034
1.57e-06,-0.00659375034
1.572e-06,-0.00674218784
1.574e-06,-0.00692968785
1.576e-06,-0.00687500035
1.578e-06,-0.00702343786
1.58e-06,-0.00728125037
1.582e-06,-0.00750781288
1.584e-06,-0.0078984379
1.586e-06,-0.00817968791
1.588e-06,-0.00867968793
1.59e-06,-0.00882031294
1.592e-06,-0.00919531296
1.594e-06,-0.00958593798
1.596e-06,-0.010070313
1.598e-06,-0.010632813
1.6e-06,-0.010960938
1.602e-06,-0.0111796881
1.604e-06,-0.0114687506
1.606e-06,-0.0119062506
1.608e-06,-0.0121406256
1.61e-06,-0.0123125006
1.612e-06,-0.0125078131
1.614e-06,-0.0125781256
1.616e-06,-0.0125078131
1.618e-06,-0.0127421881
1.62e-06,-0.0127187506
1.622e-06,-0.0126015631
1.624e-06,-0.0124062506
1.626e-06,-0.0122109381
1.628e-06,-0.0120859381
1.63e-06,-0.0117890631
1.632e-06,-0.0115703131
1.634e-06,-0.0112421881
1.636e-06,-0.0107968755
1.638e-06,-0.0103437505
1.64e-06,-0.010007813
1.642e-06,-0.00976562549
1.644e-06,-0.00936718797
1.646e-06,-0.00894531295
1.648e-06,-0.00853906293
1.65e-06,-0.00822656291
1.652e-06,-0.0079218754
1.654e-06,-0.00768750039
1.656e-06,-0.00749218788
1.658e-06,-0.00723437537
1.66e-06,-0.00708593786
1.662e-06,-0.00697656285
1.664e-06,-0.00687500035
1.666e-06,-0.00691406285
1.668e-06,-0.00697656285
1.67e-06,-0.00690625035
1.672e-06,-0.00703906286
1.674e-06,-0.00710156286
1.676e-06,-0.00733593787
1.678e-06,-0.00760937538
1.68e-06,-0.0078984379
1.682e-06,-0.00819531291
1.684e-06,-0.00842187542
1.686e-06,-0.00871093794
1.688e-06,-0.00913281296
1.69e-06,-0.00956250048
1.692e-06,-0.00991406299
1.694e-06,-0.010242188
1.696e-06,-0.0105000005
1.698e-06,-0.010851563
1.7e-06,-0.0112890631
1.702e-06,-0.0114375006
1.704e-06,-0.0117187506
1.706e-06,-0.0118906256
1.708e-06,-0.0120000006
1.71e-06,-0.0121640631
1.712e-06,-0.0123281256
1.714e-06,-0.0123984381
1.716e-06,-0.0123984381
1.718e-06,-0.0122656256
1.72e-06,-0.0121875006
1.722e-06,-0.0119765631
1.724e-06,-0.0119531256
1.726e-06,-0.0117187506
1.728e-06,-0.0113984381
1.73e-06,-0.0111250006
1.732e-06,-0.0107500005
1.734e-06,-0.0104687505
1.736e-06,-0.0101406255
1.738e-06,-0.00989062549
1.74e-06,-0.00945312547
1.742e-06,-0.00907812545
1.744e-06,-0.00874218794
1.746e-06,-0.00849218793
1.748e-06,-0.00828906292
1.75e-06,-0.0079453129
1.752e-06,-0.00762500038
1.754e-06,-0.00746093788
1.756e-06,-0.00728125037
1.758e-06,-0.00728906287
1.76e-06,-0.00712500036
1.762e-06,-0.00705468786
1.764e-06,-0.00696093785
1.766e-06,-0.00701562536
1.768e-06,-0.00724218787
1.77e-06,-0.00734375037
1.772e-06,-0.00757031288
1.774e-06,-0.00771093789
1.776e-06,-0.00778906289
1.778e-06,-0.0079765629
1.78e-06,-0.00834375042
1.782e-06,-0.00873437544
1.784e-06,-0.00908593795
1.786e-06,-0.00932031297
1.788e-06,-0.00950000047
1.79e-06,-0.0100000005
1.792e-06,-0.0102968755
1.794e-06,-0.010601563
1.796e-06,-0.010898438
1.798e-06,-0.0112656256
1.8e-06,-0.0113515631
1.802e-06,-0.0115078131
1.804e-06,-0.0117734381
1.806e-06,-0.0119921881
1.808e-06,-0.0120781256
1.81e-06,-0.0120468756
1.812e-06,-0.0120156256
1.814e-06,-0.0120156256
1.816e-06,-0.0119453131
1.818e-06,-0.0119062506
1.82e-06,-0.0116953131
1.822e-06,-0.0115468756
1.824e-06,-0.0112578131
1.826e-06,-0.011070313
1.828e-06,-0.0108750005
1.83e-06,-0.010523438
1.832e-06,-0.0102812505
1.834e-06,-0.00987500049
1.836e-06,-0.00950781297
1.838e-06,-0.00927343796
1.84e-06,-0.00892968795
1.842e-06,-0.00867187543
1.844e-06,-0.00834375042
1.846e-06,-0.00816406291
1.848e-06,-0.00782812539
1.85e-06,-0.00768750039
1.852e-06,-0.00754687538
1.854e-06,-0.00742968788
1.856e-06,-0.00732812537
1.858e-06,-0.00722656287
1.86e-06,-0.00725000037
1.862e-06,-0.00729687537
1.864e-06,-0.00746875038
1.866e-06,-0.00750781288
1.868e-06,-0.00754687538
1.87e-06,-0.00771093789
1.872e-06,-0.0079218754
1.874e-06,-0.00817187541
1.876e-06,-0.00842187542
1.878e-06,-0.00863281293
1.88e-06,-0.00882812544
1.882e-06,-0.00910156295
1.884e-06,-0.00946093797
1.886e-06,-0.00982031299
1.888e-06,-0.010117188
1.89e-06,-0.0104375005
1.892e-06,-0.0105937505
1.894e-06,-0.0109218755
1.896e-06,-0.011101563
1.898e-06,-0.0114375006
1.9e-06,-0.0115781256
1.902e-06,-0.0116953131
1.904e-06,-0.0117656256
1.906e-06,-0.0118437506
1.908e-06,-0.0117734381
1.91e-06,-0.0118046881
1.912e-06,-0.0118125006
1.914e-06,-0.0116171881
1.916e-06,-0.0114921881
1.918e-06,-0.0114375006
1.92e-06,-0.0112343756
1.922e-06,-0.010992188
1.924e-06,-0.0107968755
1.926e-06,-0.010367188
1.928e-06,-0.0100937505
1.93e-06,-0.00989062549
1.932e-06,-0.00975000049
1.934e-06,-0.00939062547
1.936e-06,-0.00904687545
1.938e-06,-0.00878125044
1.94e-06,-0.00855468793
1.942e-06,-0.00826562541
1.944e-06,-0.00816406291
1.946e-06,-0.0080390629
1.948e-06,-0.00778125039
1.95e-06,-0.00756250038
1.952e-06,-0.00742968788
1.954e-06,-0.00753125038
1.956e-06,-0.00751562538
1.958e-06,-0.00753125038
1.96e-06,-0.00750781288
1.962e-06,-0.00750000038
1.964e-06,-0.00763281288
1.966e-06,-0.00784375039
1.968e-06,-0.0079062504
1.97e-06,-0.00815625041
1.972e-06,-0.00832031292
1.974e-06,-0.00847656292
1.976e-06,-0.00877343794
1.978e-06,-0.00907031295
1.98e-06,-0.00929687546
1.982e-06,-0.00960937548
1.984e-06,-0.00990625049
1.986e-06,-0.0100468755
1.988e-06,-0.010382813
1.99e-06,-0.010726563
1.992e-06,-0.0109375005
1.994e-06,-0.0110937505
1.996e-06,-0.0111718756
1.998e-06,-0.0112890631
2e-06,-0.0115078131
2.002e-06,-0.0115000006
2.004e-06,-0.0116015631
2.006e-06,-0.0115468756
2.008e-06,-0.0115312506
2.01e-06,-0.0115390631
2.012e-06,-0.0113515631
2.014e-06,-0.0113359381
2.016e-06,-0.0111484381
2.018e-06,-0.010882813
2.02e-06,-0.010757813
2.022e-06,-0.010445313
2.024e-06,-0.0102031255
2.026e-06,-0.010070313
2.028e-06,-0.00971875048
2.03e-06,-0.00943750047
2.032e-06,-0.00916406296
2.034e-06,-0.00885937544
2.036e-06,-0.00869531294
2.038e-06,-0.00850781293
2.04e-06,-0.00824218791
2.042e-06,-0.00814062541
2.044e-06,-0.0078750004
2.046e-06,-0.00774218789
2.048e-06,-0.00780468789
2.05e-06,-0.00769531289
2.052e-06,-0.00757812538
2.054e-06,-0.00752343788
2.056e-06,-0.00753906288
2.058e-06,-0.00767187539
2.06e-06,-0.00761718788
2.062e-06,-0.00784375039
2.064e-06,-0.0078984379
2.066e-06,-0.00815625041
2.068e-06,-0.00827343792
2.07e-06,-0.00848437543
2.072e-06,-0.00885937544
2.074e-06,-0.00900000045
2.076e-06,-0.00919531296
2.078e-06,-0.00933593797
2.08e-06,-0.00968750048
2.082e-06,-0.00991406299
2.084e-06,-0.010242188
2.086e-06,-0.0103281255
2.088e-06,-0.0105468755
2.09e-06,-0.010789063
2.092e-06,-0.0109375005
2.094e-06,-0.0111328131
2.096e-06,-0.0111796881
2.098e-06,-0.0112343756
2.1e-06,-0.0112421881
2.102e-06,-0.0113281256
2.104e-06,-0.0113281256
2.106e-06,-0.0113281256
2.108e-06,-0.0112890631
2.11e-06,-0.0111640631
2.112e-06,-0.0110781255
2.114e-06,-0.0107500005
2.116e-06,-0.0105625005
2.118e-06,-0.0104687505
2.12e-06,-0.0102968755
2.122e-06,-0.010117188
2.124e-06,-0.00971875048
2.126e-06,-0.00946093797
2.128e-06,-0.00921875046
2.13e-06,-0.00909375045
2.132e-06,-0.00888281294
2.134e-06,-0.00858593793
2.136e-06,-0.00833593792
2.138e-06,-0.00824218791
2.14e-06,-0.0080390629
2.142e-06,-0.0079609379
2.144e-06,-0.0079687504
2.146e-06,-0.00771093789
2.148e-06,-0.00765625039
2.15e-06,-0.00768750039
2.152e-06,-0.00770312539
2.154e-06,-0.0078515629
2.156e-06,-0.00782031289
2.158e-06,-0.0078515629
2.16e-06,-0.0079765629
2.162e-06,-0.00813281291
2.164e-06,-0.00833593792
2.166e-06,-0.00851562543
2.168e-06,-0.00872656294
2.17e-06,-0.00876562544
2.172e-06,-0.00906250045
2.174e-06,-0.00932812547
2.176e-06,-0.00950781297
2.178e-06,-0.00976562549
2.18e-06,-0.009960938
2.182e-06,-0.010179688
2.184e-06,-0.0103281255
2.186e-06,-0.010648438
2.188e-06,-0.0106875005
2.19e-06,-0.0109687505
2.192e-06,-0.011007813
2.194e-06,-0.010992188
2.196e-06,-0.0110312505
2.198e-06,-0.0111718756
2.2e-06,-0.0112031256
2.202e-06,-0.0111484381
2.204e-06,-0.0110937505
2.206e-06,-0.0110000005
2.208e-06,-0.010851563
2.21e-06,-0.0107500005
2.212e-06,-0.0106406255
2.214e-06,-0.010429688
2.216e-06,-0.010257813
2.218e-06,-0.0099531255
2.22e-06,-0.00979687549
2.222e-06,-0.00968750048
2.224e-06,-0.00942187547
2.226e-06,-0.00905468795
2.228e-06,-0.00896875045
2.23e-06,-0.00878125044
2.232e-06,-0.00857031293
2.234e-06,-0.00849218793
2.236e-06,-0.00825781291
2.238e-06,-0.00808593791
2.24e-06,-0.0079921879
2.242e-06,-0.0080078129
2.244e-06,-0.0078515629
2.246e-06,-0.0078671879
2.248e-06,-0.0079375004
2.25e-06,-0.0079609379
2.252e-06,-0.0078906254
2.254e-06,-0.0079609379
2.256e-06,-0.00809375041
2.258e-06,-0.00821093791
2.26e-06,-0.00832031292
2.262e-06,-0.00846093792
2.264e-06,-0.00867187543
2.266e-06,-0.00882812544
2.268e-06,-0.00890625045
2.27e-06,-0.00917968796
2.272e-06,-0.00942187547
2.274e-06,-0.00951562547
2.276e-06,-0.00973437548
2.278e-06,-0.0099531255
2.28e-06,-0.0102968755
2.282e-06,-0.0102812505
2.284e-06,-0.0105625005
2.286e-06,-0.010523438
2.288e-06,-0.010664063
2.29e-06,-0.0108125005
2.292e-06,-0.0108750005
2.294e-06,-0.010945313
2.296e-06,-0.011070313
2.298e-06,-0.0108906255
2.3e-06,-0.010898438
2.302e-06,-0.0107656255
2.304e-06,-0.010820313
2.306e-06,-0.0107187505
2.308e-06,-0.010585938
2.31e-06,-0.010242188
2.312e-06,-0.0100937505
2.314e-06,-0.00989062549
2.316e-06,-0.00978906299
2.318e-06,-0.00957031298
2.32e-06,-0.00943750047
2.322e-06,-0.00915625046
2.324e-06,-0.00903906295
2.326e-06,-0.00892968795
2.328e-06,-0.00873437544
2.33e-06,-0.00861718793
2.332e-06,-0.00839843792
2.334e-06,-0.00828906292
2.336e-06,-0.00814843791
2.338e-06,-0.00807812541
2.34e-06,-0.00807031291
2.342e-06,-0.0080312504
2.344e-06,-0.0079296879
2.346e-06,-0.0079843754
2.348e-06,-0.0079765629
2.35e-06,-0.00817968791
2.352e-06,-0.00825781291
2.354e-06,-0.00825781291
2.356e-06,-0.00829687542
2.358e-06,-0.00848437543
2.36e-06,-0.00856250043
2.362e-06,-0.00875000044
2.364e-06,-0.00900781295
2.366e-06,-0.00917968796
2.368e-06,-0.00920312546
2.37e-06,-0.00946093797
2.372e-06,-0.00978125049
2.374e-06,-0.00992187549
2.376e-06,-0.010070313
2.378e-06,-0.0101250005
2.38e-06,-0.0104218755
2.382e-06,-0.0104218755
2.384e-06,-0.0105312505
2.386e-06,-0.010835938
2.388e-06,-0.010804688
2.39e-06,-0.0107500005
2.392e-06,-0.010757813
2.394e-06,-0.0106875005
2.396e-06,-0.010789063
2.398e-06,-0.010773438
2.4e-06,-0.0107500005
2.402e-06,-0.0104687505
2.404e-06,-0.0103906255
2.406e-06,-0.0101875005
2.408e-06,-0.010179688
2.41e-06,-0.009992188
2.412e-06,-0.00979687549
2.414e-06,-0.00962500048
2.416e-06,-0.00942968797
2.418e-06,-0.00927343796
2.42e-06,-0.00911718796
2.422e-06,-0.00895312545
2.424e-06,-0.00881250044
2.426e-06,-0.00862500043
2.428e-06,-0.00848437543
2.43e-06,-0.00837500042
2.432e-06,-0.00830468792
2.434e-06,-0.00817187541
2.436e-06,-0.00821875041
2.438e-06,-0.0080312504
2.44e-06,-0.0079843754
2.442e-06,-0.00810937541
2.444e-06,-0.00817968791
2.446e-06,-0.00809375041
2.448e-06,-0.00811718791
2.45e-06,-0.00819531291
2.452e-06,-0.00825781291
2.454e-06,-0.00842187542
2.456e-06,-0.00853906293
2.458e-06,-0.00883593794
2.46e-06,-0.00884375044
2.462e-06,-0.00908593795
2.464e-06,-0.00923437546
2.466e-06,-0.00926562546
2.468e-06,-0.00948437547
2.47e-06,-0.00955468798
2.472e-06,-0.00977343799
2.474e-06,-0.0101093755
2.476e-06,-0.0101406255
2.478e-06,-0.010257813
2.48e-06,-0.010429688
2.482e-06,-0.010367188
2.484e-06,-0.0105781255
2.486e-06,-0.0106562505
2.488e-06,-0.010492188
2.49e-06,-0.0106406255
2.492e-06,-0.0107187505
2.494e-06,-0.010507813
2.496e-06,-0.010460938
2.498e-06,-0.010398438
